4.999999999999999584e-02
5.319198162860364759e-02
5.658773819155413221e-02
6.051153664256395809e-02
6.437457090819674599e-02
6.848421986196089051e-02
7.248147088428900930e-02
7.710866135382542230e-02
8.203124996277805225e-02
8.726809481982962524e-02
9.236171320284272679e-02
9.825805103743934232e-02
1.039931254203123184e-01
1.100629416165004454e-01
1.170893193690993594e-01
1.239235273442390872e-01
1.311566307856700808e-01
1.388119122147329909e-01
1.469140130947615419e-01
1.554890131490959115e-01
1.645645143086884588e-01
1.741697295595189543e-01
1.833873953069744822e-01
1.940912546025968244e-01
2.054198711430052504e-01
2.162914026936961776e-01
2.289157858330648776e-01
2.410308026242246604e-01
2.537869880937083655e-01
2.685998938938461422e-01
2.828151312257122796e-01
2.977826881861227459e-01
3.135423801373034558e-01
3.301361296084460717e-01
3.476080778142875416e-01
3.660047020756387881e-01
3.853749394542148599e-01
4.057703169306492441e-01
4.272450884719788955e-01
4.498563793532166510e-01
4.712279129300327440e-01
4.961669273227478638e-01
5.197385573666067904e-01
5.472449231971455719e-01
5.732431390447572106e-01
6.035811527805542420e-01
6.322557597551832220e-01
6.657169259122750482e-01
6.973434455922773445e-01
7.304724608648298645e-01
7.651753514779573440e-01
8.015268882501487280e-01
8.396053941714999302e-01
8.840402216401205271e-01
9.260387263789036094e-01
9.650428396537790166e-01
1.010889572960928628e+00
1.058914368078982315e+00
1.109220699190503590e+00
1.161916956273559176e+00
1.217116678638672012e+00
1.268380794760462393e+00
1.328638343586124426e+00
1.391758575452617386e+00
1.450378487970208852e+00
1.519282284776009462e+00
1.583273408088565759e+00
1.658490704886477873e+00
1.728345190963609834e+00
1.801141899876675279e+00
1.886709575153768581e+00
1.966176482843306594e+00
2.048990481945799580e+00
2.135292549645996019e+00
2.236734873275364244e+00
2.330944605415011139e+00
2.429122386578201009e+00
2.531435348256507734e+00
2.638057661404803689e+00
2.749170832938609088e+00
2.864964014719698859e+00
2.985634325555972080e+00
3.111387186763737045e+00
3.242436671863643483e+00
3.361625007916979602e+00
3.503214337673367318e+00
3.650767312468582659e+00
3.804535116923742688e+00
3.944385561491405845e+00
4.110520364343316579e+00
4.283652650653261951e+00
4.441114918487890861e+00
4.628171619696047401e+00
4.798298018495931849e+00
5.000399025839169731e+00
5.184208086680421879e+00
5.402563360270432824e+00
5.601155531066240201e+00
5.807047727363173095e+00
6.051636577590165267e+00
6.274087951996772716e+00
6.504716389474001659e+00
6.778690563176296813e+00
7.027867626789086053e+00
7.286204159838057137e+00
7.554036854148427516e+00
7.831714777959360774e+00
8.119599830867041845e+00
8.418067215491010558e+00
8.727505926478333009e+00
9.048319257483090183e+00
9.380925326781863305e+00
9.725757622210190689e+00
1.008326556613034519e+01
1.045391510116665401e+01
1.083818929747184967e+01
1.123658898231573744e+01
1.164963339281695909e+01
1.207786085266835663e+01
1.245741993672920955e+01
1.291534072409897682e+01
1.339009416610914016e+01
1.388229901226847396e+01
1.431856440413142195e+01
1.484489877507227362e+01
1.539058060726796917e+01
1.587424528512098121e+01
1.645776474073722895e+01
1.697496676739438826e+01
1.759894751037171545e+01
1.815201236837560117e+01
1.881925998772933539e+01
1.941067440877457528e+01
2.012418903329463049e+01
2.075661217925737390e+01
2.151960196691237215e+01
2.219587738617346062e+01
2.289340544957734025e+01
2.373494136169157542e+01
2.448083607875907575e+01
2.525017129734166588e+01
2.604368365908420557e+01
2.700102026552024270e+01
2.784955484011961957e+01
2.872475547834215348e+01
2.962746018840865503e+01
3.055853331380215820e+01
3.151886636088038429e+01
3.267746454367279085e+01
3.370438716373984533e+01
3.476358187352780504e+01
3.585606285633988932e+01
3.698287616722296178e+01
3.814510073456974482e+01
3.934384939319695462e+01
4.058026994988939151e+01
4.185554628242962849e+01
4.317089947316586773e+01
4.452758897820333317e+01
4.569067588883896036e+01
4.712655193527127295e+01
4.860755184955206687e+01
5.013509369520765802e+01
5.171064009985546051e+01
5.333569965567616578e+01
5.472885961700876578e+01
5.644876979657814786e+01
5.822272990604717080e+01
6.005243851953723322e+01
6.162104366516980036e+01
6.355754775126037259e+01
6.555490845146191248e+01
6.726724136005779542e+01
6.938118296191706236e+01
7.119346041953828319e+01
7.343078745597226487e+01
7.573842477425603192e+01
7.771675714096502929e+01
8.015908542379887081e+01
8.225288805637754308e+01
8.483776887532995659e+01
8.705378148168787789e+01
8.978953526841262089e+01
9.213489093619574533e+01
9.503032376493736422e+01
9.751257192210941582e+01
1.000596578665231959e+02
1.032041345710109255e+02
1.058998874917849236e+02
1.092278993631627060e+02
1.120809965763916409e+02
1.150086183731344249e+02
1.180127113795075076e+02
1.217213810839483870e+02
1.249008154151565435e+02
1.281632984480509663e+02
1.321909606940861295e+02
1.356438666253481244e+02
1.391869644979316547e+02
1.428226101785878086e+02
1.465532210706988678e+02
1.511588053736073505e+02
1.551071626054217347e+02
1.591586532590141871e+02
1.633159712402453181e+02
1.675818808213870454e+02
1.719592184791359557e+02
1.764508947806330639e+02
1.810598963187525214e+02
1.857892876979369987e+02
1.906422135719057565e+02
1.956219007345910370e+02
2.007316602656858322e+02
2.059748897322410812e+02
2.113550754477635962e+02
2.168757947903269780e+02
2.225407185812334205e+02
2.283536135258027286e+02
2.343183447179231678e+02
2.404388782100154458e+02
2.467192836501317572e+02
2.531637369879336745e+02
2.597765232513532396e+02
2.665620393957815395e+02
2.735247972276807218e+02
2.792257246000289115e+02
2.865192653653730872e+02
2.940033177211951738e+02
3.016828579427046861e+02
3.095629922883584300e+02
3.160150440002685173e+02
3.242695435066433447e+02
3.327396554131062203e+02
3.414310116428316633e+02
3.485472710086069128e+02
3.576515314895933102e+02
3.669936006289743204e+02
3.746426470207748025e+02
3.844285341284070228e+02
3.944700343843141468e+02
4.026917570192850917e+02
4.132103034386581157e+02
4.240036005000488899e+02
4.328408750600327153e+02
4.441469342409335468e+02
4.534040452612956642e+02
4.652472265871643913e+02
4.773997588007981108e+02
4.873499402106189677e+02
5.000798083522664683e+02
5.105026975992005305e+02
5.238373294318921580e+02
5.347553836642124452e+02
5.487235099743128330e+02
5.601602532223462276e+02
5.747919697228774112e+02
5.867720435838637059e+02
6.020988757587067539e+02
6.146480924895606677e+02
6.274588656638787825e+02
6.438484616506091243e+02
6.572678421085084892e+02
6.744360661574760343e+02
6.884929672846367339e+02
7.028428486944558244e+02
7.212015188203082516e+02
7.362331266353729688e+02
7.515780300101538387e+02
7.712096918424175556e+02
7.872835925878213175e+02
8.036925128329893369e+02
8.246854357219741587e+02
8.418739020757981280e+02
8.594206182092324298e+02
8.773330509260049439e+02
9.002495081431148947e+02
9.190129150259076596e+02
9.381673973102006130e+02
9.577211059661608488e+02
9.827373466373971951e+02
1.003220002309053825e+03
1.024129566742036104e+03
1.045474937761582623e+03
1.067265198645417968e+03
1.095142795685964302e+03
1.117968256499152631e+03
1.141269455876653637e+03
1.165056309376506533e+03
1.189338939221299597e+03
1.214127678605548908e+03
1.239433076092878309e+03
1.271807799730354873e+03
1.298315392355724953e+03
1.325375468199821398e+03
1.352999542367437243e+03
1.381199369966381255e+03
1.409986951109737220e+03
1.439374536022354505e+03
1.469374630253816804e+03
1.500000000000000455e+03
