A0	9730	.42	54.00	87.20	43.70	2.900	2.710	7.35	.583	
A2	9030	1.21	26.00	66.10	23.10	2.540	2.120	5.10	.670	
A3	8740	1.44	21.00	55.60	19.20	2.360	2.010	4.58	.713	
A5	8300	1.88	14.00	34.60	13.00	2.000	1.860	3.74	.800	
A7	7910	2.20	10.50	25.30	10.00	1.840	1.760	3.24	1.120 	
F0	7380	2.72	6.50	11.20	6.38	1.600	1.640	2.55	1.600	
F2	7080	3.17	4.30	6.57	4.14	1.520	1.460	2.07	1.760	
F5	6680	3.49	3.20	4.47	3.00	1.400	1.440	1.79	3.440	
F7	6450	3.94	2.10	2.51	1.93	1.220	1.300	1.45	6.880	
G0	6140	4.31	1.50	1.21	1.36	1.050	1.130	1.22	9.180	
G2	5950	4.65	1.10	.74	.97	.998	1.020	1.05	10.100	
G5	5670	5.01	.79	.63	.69	.920	.893	.89	14.000	
G7	5490	5.20	.66	.51	.56	.862	.880	.81	17.900	
K0	5190	5.69	.42	.45	.34	.790	.786	.65	21.100	
K2	4980	6.09	.29	.38	.21	.742	.750	.54	0.	
K5	4630	6.81	.15	.27	82.4E-3	.670	.684	.39	0.
K7	4380	7.25	.10	.19	42.1E-3	.606	.641	.32	0.	
M0	3990	7.53	77.00E-3	52.00E-3	23.0E-3	.510	.626	.28	0.
M1	3860	7.79	61.00E-3	38.80E-3	14.6E-3	.445	.597	.25	0.
M2	3720	8.12	45.00E-3	27.70E-3	8.42E-3	.400	.553	.21	0.
M4	3450	9.05	19.00E-3	19.40E-3	2.26E-3	.300	.406	.13	0.
M5	3320	9.65	11.00E-3	14.70E-3	.95E-3	.250	.334	.11	0.
M6	3190	10.44	5.30E-3	10.70E-3	.29E-3	.207	.262	72.8E-3	0.
