9.227637228850078532e-01 9.196922087683596647e-01 9.790389768768341661e-01 1.083988955273421428e+00 1.065898951048512622e+00 9.761839836104502233e-01 1.000858873400266136e+00 9.816464080872917553e-01 1.054436462037824151e+00 1.149208040778496143e+00 1.094083854109439313e+00 9.566398009075999243e-01 8.413178767375175671e-01 8.902596170670711295e-01 6.792743441073193500e-01 3.194007110243934910e-01 1.421420349896431456e-01 7.005653098093223008e-02 3.848245688520953584e-02 2.229274981428337396e-02
8.824451052670463369e-01 8.779995543683059012e-01 9.301129704670141329e-01 1.023883485757691503e+00 9.989111085367927689e-01 9.328381547582735855e-01 9.200408992509137018e-01 9.601032172339956094e-01 9.568662589968000010e-01 1.034781980810168589e+00 1.130282267989543676e+00 1.061793021504449097e+00 9.308094288678776529e-01 8.127330884280445922e-01 8.636617686094816282e-01 7.363115830311387500e-01 3.515714110273264748e-01 1.524722051585373217e-01 7.486376736263640475e-02 3.963553796199735524e-02
8.474456409638333465e-01 8.407874747880985655e-01 8.875494006122879309e-01 9.720847754562362830e-01 9.452533827538860400e-01 8.747282055023470893e-01 8.782070158406172222e-01 8.839264567070062029e-01 9.344055780365108088e-01 9.371133771340625085e-01 1.017059016681904904e+00 1.107428981014255465e+00 1.039485404993853779e+00 8.985053139699449298e-01 7.854067761924552471e-01 8.205907637821742151e-01 7.823443897284692028e-01 3.848937647454015454e-01 1.683856452769313672e-01 7.913458476279162934e-02
8.165959934239257478e-01 8.085301571374601259e-01 8.498896715835797533e-01 9.268844628980477118e-01 8.992155396136589651e-01 8.298785216777533336e-01 8.238454068418374909e-01 8.427798167426483467e-01 8.611829902853862517e-01 9.143349629066697126e-01 9.200526654569982643e-01 9.929088472401517151e-01 1.091001244174145235e+00 1.017710754326255129e+00 8.676242978567155761e-01 7.559380104914614762e-01 7.777645122624323726e-01 8.049095624838060736e-01 4.334736036983616314e-01 1.837676425198689345e-01
7.894343078002663550e-01 7.802084919665783769e-01 8.172867249001578571e-01 8.867219380619069113e-01 8.589496500134263801e-01 7.912539719804054794e-01 7.823954228240665998e-01 7.908836977143016700e-01 8.202894906906539330e-01 8.432784500545267292e-01 8.971889543425826119e-01 8.983023519216009056e-01 9.743002243488352310e-01 1.070624096998799901e+00 9.979948493168617762e-01 8.365788742689788116e-01 7.307415120342806159e-01 7.350228568567197529e-01 8.130141173562216439e-01 4.813811028880696785e-01
7.654577168695999578e-01 7.553985881515650203e-01 7.887952654250411921e-01 8.519236271418324513e-01 8.226225651215783863e-01 7.576397564315944244e-01 7.464887142902818518e-01 7.515165670232835105e-01 7.699679601592981371e-01 8.026957115221078354e-01 8.279283776118953053e-01 8.756546576810073645e-01 8.820423667554819769e-01 9.527638073546667030e-01 1.048198470874685651e+00 9.765155732040446956e-01 8.138801115054637991e-01 7.069517863885701470e-01 6.831109327355784355e-01 8.081224597740219728e-01
7.442412319325395487e-01 7.335656957476588413e-01 7.639423759374679435e-01 8.214527602979782017e-01 7.911183016500373810e-01 7.273920819528403303e-01 7.153150108737991175e-01 7.172715207666513493e-01 7.318549862581473775e-01 7.536029845171774433e-01 7.877020327132377986e-01 8.085669528969259279e-01 8.593049687337337428e-01 8.631407009729439306e-01 9.318352082944088011e-01 1.020653257955954629e+00 9.583047658011643044e-01 7.976116438227499605e-01 6.761406493235666559e-01 6.437270786852433702e-01
7.254394107144181980e-01 7.143057204595950616e-01 7.421688499633032343e-01 7.948088618461690569e-01 7.633120369301216179e-01 7.011527762649725215e-01 6.875444753865656011e-01 6.875832403726549469e-01 6.986112479795867358e-01 7.164557483758637879e-01 7.396536911515299018e-01 7.690986766421801235e-01 7.939132057343791793e-01 8.405771246227675686e-01 8.441956203816889381e-01 9.090007061692166879e-01 9.953380148141619532e-01 9.411946984860437571e-01 7.803767482242166542e-01 6.508033784180164982e-01
7.087553189332189696e-01 6.972732110847483789e-01 7.230516370078774457e-01 7.714348991108248565e-01 7.388358227119788957e-01 6.779913582700352048e-01 6.634234055712420197e-01 6.613491955282186918e-01 6.698188606833868075e-01 6.839946295309535795e-01 7.033258295867246268e-01 7.223373967640174254e-01 7.549871001163455109e-01 7.770153084671453936e-01 8.221207783961288484e-01 8.227889593969404114e-01 8.899104336562819739e-01 9.713390263835004479e-01 9.185604517418981541e-01 7.678243258285032402e-01
6.939392775591661788e-01 6.821787514066992575e-01 7.062246533243310420e-01 7.508878634071989300e-01 7.171870246245877212e-01 6.576737574663851227e-01 6.422147653047434179e-01 6.385451594422295596e-01 6.445266888169676189e-01 6.558993075342989254e-01 6.715359743521276403e-01 6.870576511906258954e-01 7.092013356929540713e-01 7.388533098707614766e-01 7.602511820829582767e-01 8.014801187469675625e-01 8.043483118954264377e-01 8.724910967547336860e-01 9.409391743101123140e-01 8.992587965050951038e-01
6.807811692245688828e-01 6.687797459761100072e-01 6.913823956006739380e-01 7.327919896931545107e-01 6.979823089682679615e-01 6.396848456416679429e-01 6.236908596921781900e-01 6.185654977057397641e-01 6.225353328769580585e-01 6.313212333223134909e-01 6.440359368016912445e-01 6.561388300850983235e-01 6.747014527625008196e-01 6.941796713362318183e-01 7.229096825616003752e-01 7.414429690872199608e-01 7.837579303515853635e-01 7.873720790070255493e-01 8.497923502248316829e-01 9.164027959074974028e-01
6.691029386332616458e-01 6.568733206093686494e-01 6.782684245235903742e-01 7.168297020724301305e-01 6.809032548929259132e-01 6.237121660730349237e-01 6.073395493560043157e-01 6.011684741593816828e-01 6.033225816575351619e-01 6.099483556785947336e-01 6.200536860878191892e-01 6.294032689386670487e-01 6.444314562800628199e-01 6.605854219904727653e-01 6.793312724439986017e-01 7.050244643661933708e-01 7.252948306078113028e-01 7.675039919967263646e-01 7.655953314779977426e-01 8.305276263727814356e-01
6.587518354854733360e-01 6.462894202604547722e-01 6.666678097902232203e-01 7.027334452629747652e-01 6.656810284059746508e-01 6.094660327767618124e-01 5.928717161525223212e-01 5.858556669324954669e-01 5.866289650525053911e-01 5.913144741026146178e-01 5.991975732192680315e-01 6.061502391624067343e-01 6.182655435938941846e-01 6.310732326567014550e-01 6.466354812993302392e-01 6.626691759543774651e-01 6.896535615054553148e-01 7.104931313485129962e-01 7.465242799079594427e-01 7.475693515405017475e-01
6.495950540265513773e-01 6.368841386304666674e-01 6.563999413088326129e-01 6.902777958903960620e-01 6.520911983276247437e-01 5.967139275938417864e-01 5.800019854778279971e-01 5.723479622343214945e-01 5.719702537832380695e-01 5.751478438892627665e-01 5.810431589652478301e-01 5.859232687620687940e-01 5.955577572170074330e-01 6.055689586716428430e-01 6.178774403335491883e-01 6.309735510918050849e-01 6.483454650047346668e-01 6.756141218357707423e-01 6.914175325291918028e-01 7.289869019921282334e-01
6.415153504181023703e-01 6.285344441924727299e-01 6.473119048779458762e-01 6.792720074113354212e-01 6.399471769660740605e-01 5.852626119755075518e-01 5.685062136083658402e-01 5.603644610036389029e-01 5.590706269473753043e-01 5.609765393546954915e-01 5.653102112921188915e-01 5.683390767250926512e-01 5.758024315985990071e-01 5.834797467455203890e-01 5.930295316155860252e-01 6.030564404909650733e-01 6.174991239351772521e-01 6.352581757914328442e-01 6.575255846611602895e-01 6.754880435798911176e-01
6.344076325495870972e-01 6.211337613952665482e-01 6.392731103501885226e-01 6.695532423729990690e-01 6.290936057917411173e-01 5.749531684433848433e-01 5.581981667212221332e-01 5.496857886953154804e-01 5.476528085460041773e-01 5.485271919289413933e-01 5.515375626451848312e-01 5.531150045612129862e-01 5.586470911298280217e-01 5.642574629500640704e-01 5.715466004448195303e-01 5.789395843694922217e-01 5.902969767069585760e-01 6.051906621791693919e-01 6.183922662292862249e-01 6.423847355172509488e-01
6.281764037672394885e-01 6.145884348731160962e-01 6.321708324239885268e-01 6.609811309487167996e-01 6.193995247465984288e-01 5.656561922320408886e-01 5.489248216132636138e-01 5.401297974417165193e-01 5.375000355189949452e-01 5.375262085596894668e-01 5.394542030912794495e-01 5.398015352197513828e-01 5.438058823746758641e-01 5.475807818931712756e-01 5.528456909842105471e-01 5.581297528106032857e-01 5.668014377331909159e-01 5.786455269170245330e-01 5.893198259292111718e-01 6.042719557482023607e-01
6.227339383256744743e-01 6.088149618215754622e-01 6.259066240650792423e-01 6.534332921817023188e-01 6.107531658665057428e-01 5.572654273166492978e-01 5.405613954251731190e-01 5.315469124884268926e-01 5.284324498466046460e-01 5.277593209615025760e-01 5.287901688708716019e-01 5.281327522756946724e-01 5.308389519624707731e-01 5.331638054546790073e-01 5.366341547359705366e-01 5.400077373683391802e-01 5.465635209054602317e-01 5.557195306242754818e-01 5.636152877978173326e-01 5.760175307098986952e-01
6.179990572047626696e-01 6.037378928678420742e-01 6.203934843890814843e-01 6.468017781610604366e-01 6.030575145283749716e-01 5.496931308393755433e-01 5.330058977189546798e-01 5.238148106280542393e-01 5.203023774017934144e-01 5.190488471149634631e-01 5.193336680653544146e-01 5.178439496289943822e-01 5.194837326871311056e-01 5.205768988460857116e-01 5.226277452221517184e-01 5.243120389717714769e-01 5.289339144408131688e-01 5.360009364408004906e-01 5.414174632202111148e-01 5.510048322417435696e-01
6.138963673711455016e-01 5.992882979161933132e-01 6.155536722287979767e-01 6.409903126451066413e-01 5.962267668569989354e-01 5.428659077977906477e-01 5.261746543875103210e-01 5.168336099605601586e-01 5.129887823548733294e-01 5.112489141970211204e-01 5.109091635237232865e-01 5.087273912884786586e-01 5.094796083715604773e-01 5.095623476495183546e-01 5.104066174523202992e-01 5.107603148158932349e-01 5.136772979813639672e-01 5.188174481967633422e-01 5.223614894335080194e-01 5.294066790590248317e-01
