1.599284002815870354e+00 1.620517826244797677e+00 1.603635579675991352e+00 1.597778658577494681e+00 1.713118837107458603e+00 1.800800678637757279e+00 1.805741192159262765e+00 1.759343740075569817e+00 1.849804934028134840e+00 1.719202069782697295e+00 1.134258460936110824e+00 6.050639405513039693e-01 3.000284300426898088e-01 1.329616708802547342e-01 5.226342593566812855e-02 1.988308003222835629e-02 8.058638564309095892e-03 3.405076519945493714e-03 1.468735097488354721e-03 6.386360226062193484e-04
1.584168823503023571e+00 1.605530879053398419e+00 1.590576682725446389e+00 1.587704169327402770e+00 1.693554125009937517e+00 1.784897088907067442e+00 1.810059928061156453e+00 1.804232613553908626e+00 1.757695580550001635e+00 1.843662364860216174e+00 1.723855729020229433e+00 1.137115431892658179e+00 5.940128557726083169e-01 2.978966683193509657e-01 1.342393068761633113e-01 5.408841741154838539e-02 2.028620981764821946e-02 8.129132164256976795e-03 3.429029381506893456e-03 1.475154605639741488e-03
1.569467054692129659e+00 1.591169517869090333e+00 1.577278356738065712e+00 1.574879208667049113e+00 1.679361043343914783e+00 1.762659228510811582e+00 1.792237905719298974e+00 1.811895459980916279e+00 1.800047604701054516e+00 1.758350141149531920e+00 1.839055504620937587e+00 1.728506363445795335e+00 1.142257649252642837e+00 5.850201340013426732e-01 2.940538838904087626e-01 1.348861518776912627e-01 5.580443494829140372e-02 2.068065902156766486e-02 8.230190286209198777e-03 3.450048393116648005e-03
1.555524904434676170e+00 1.577204124777679350e+00 1.564509366622987452e+00 1.561720712678669187e+00 1.662162960886021335e+00 1.746716619499177892e+00 1.771446303485884943e+00 1.793171067292040011e+00 1.810220927215524744e+00 1.798136561757290863e+00 1.760182639185954523e+00 1.842836738488238701e+00 1.727215616006736454e+00 1.153732273851633350e+00 5.799999213452583513e-01 2.886077079754218455e-01 1.350123288090529783e-01 5.698282850621234213e-02 2.126273582951881264e-02 8.329589987125322545e-03
1.542488759037891954e+00 1.564057085458897545e+00 1.552029906995514352e+00 1.548894537669005089e+00 1.645008914583488080e+00 1.727310096494840908e+00 1.756068203628380786e+00 1.773845393979865070e+00 1.791136619701294785e+00 1.810203048579572815e+00 1.797786732508264596e+00 1.765795355848295944e+00 1.846887013975309300e+00 1.722681546762401927e+00 1.166509396334110660e+00 5.776570529185853786e-01 2.832719095801778941e-01 1.341954270082484635e-01 5.818065037421345231e-02 2.188001701529987061e-02
1.530325655287427589e+00 1.551818973750594521e+00 1.540247266186012931e+00 1.536324837245145236e+00 1.628601991289598150e+00 1.708275973038287709e+00 1.737053254625631205e+00 1.759067710037795607e+00 1.773072219299020258e+00 1.790848112020841043e+00 1.811309242765043459e+00 1.802389987771407576e+00 1.768779966778039503e+00 1.857360781449713283e+00 1.717290719187503534e+00 1.179476161908347809e+00 5.779094645834120803e-01 2.783950207014057043e-01 1.326760624582913883e-01 5.915811932963360720e-02
1.519047891911674775e+00 1.540447241273294798e+00 1.529233147598752840e+00 1.524380371850006188e+00 1.612740835159165442e+00 1.690702012389507791e+00 1.718435944166713192e+00 1.740585057927189983e+00 1.758832767639908923e+00 1.773650574469549657e+00 1.791740901289452736e+00 1.816979779981235277e+00 1.805312907105695919e+00 1.773838883436335889e+00 1.869965255662307868e+00 1.712098661941247268e+00 1.188153298790405099e+00 5.811766235279213211e-01 2.727893091793776037e-01 1.313294964845955204e-01
1.508628680566548752e+00 1.529938377861447929e+00 1.518969735353366435e+00 1.513164618636410497e+00 1.597855551131165175e+00 1.673754030491709122e+00 1.701521525447017069e+00 1.722494480821318286e+00 1.740876282654736595e+00 1.759770652217801601e+00 1.775171826895752147e+00 1.796961316739242864e+00 1.820700000203388402e+00 1.810915736044356406e+00 1.780307986718759894e+00 1.883215282461005557e+00 1.709647940506278330e+00 1.192407657853155056e+00 5.872824946161631088e-01 2.686255643066241539e-01
1.499036909741267465e+00 1.520253839249326333e+00 1.509456534247380688e+00 1.502669371713939883e+00 1.584065978251219420e+00 1.658067818509716185e+00 1.685197993189057941e+00 1.706211146492291997e+00 1.723295931142426296e+00 1.742168655026942181e+00 1.761541281303754758e+00 1.780735609426062682e+00 1.800365277582674617e+00 1.827025757896361791e+00 1.817488130171633465e+00 1.788589551055289162e+00 1.892390192255565928e+00 1.713463754546020068e+00 1.193051926842481736e+00 5.931089720990120329e-01
1.490234413656692514e+00 1.511354707335038627e+00 1.500665379982046632e+00 1.492906908214435946e+00 1.571291009979100206e+00 1.643691059339186022e+00 1.670183880555933920e+00 1.690500299248427263e+00 1.707552794901353144e+00 1.724934659509997692e+00 1.744183605981951546e+00 1.767189500625289122e+00 1.784468445929784597e+00 1.806161291937478319e+00 1.834321782271647994e+00 1.824921187610690332e+00 1.796174477738794906e+00 1.899467255257710541e+00 1.723428201011350858e+00 1.189838895232369742e+00
1.482179235149150953e+00 1.503198045868293864e+00 1.492565428284122753e+00 1.483858990495214636e+00 1.559522860344623840e+00 1.630489192253065989e+00 1.656457384226450724e+00 1.676108699915980216e+00 1.692372764333197832e+00 1.709556617069603268e+00 1.727191167509816383e+00 1.749887535548553696e+00 1.771020137291470897e+00 1.790434957926690940e+00 1.812870807073714063e+00 1.842637236302999693e+00 1.831069183728839311e+00 1.804192877745898427e+00 1.906898439729393324e+00 1.733525091613898006e+00
1.474827502407850099e+00 1.495739363932963029e+00 1.485121695287533017e+00 1.475502428956109391e+00 1.548708241456563384e+00 1.618425640756267603e+00 1.643900611740306328e+00 1.662967436945516075e+00 1.678502783276939025e+00 1.694739432780981048e+00 1.712071740316685853e+00 1.732963901520823802e+00 1.753800939424992267e+00 1.776993777505630367e+00 1.797213357289348279e+00 1.820567430120707542e+00 1.849571496515834745e+00 1.837709469258376194e+00 1.814271023270609628e+00 1.911819983644011289e+00
1.468134504392546447e+00 1.488933913673367915e+00 1.478297237614786486e+00 1.467807894759633136e+00 1.538797426554447068e+00 1.607410787131370311e+00 1.632459668912845441e+00 1.650977898966443203e+00 1.665845362173850264e+00 1.681226784293317511e+00 1.697514439283293930e+00 1.717961458048465673e+00 1.736967582372370478e+00 1.759752205537442160e+00 1.783726168062079731e+00 1.804980476933322198e+00 1.827017248524578807e+00 1.856780951554453107e+00 1.846486507812432620e+00 1.821628543932706679e+00
1.462055484841089381e+00 1.482737488176687490e+00 1.472054361310333626e+00 1.460742514628939448e+00 1.529737084105901479e+00 1.597369915890807901e+00 1.622040253369436247e+00 1.640073696025646788e+00 1.654317538319199921e+00 1.668902107653497335e+00 1.684259879094192502e+00 1.703528870834491560e+00 1.722084783298381661e+00 1.742912801017280078e+00 1.766402312733713398e+00 1.791434129115936358e+00 1.811515984286519387e+00 1.833713063132813570e+00 1.866224400341985667e+00 1.853204240072614750e+00
1.456546235847452353e+00 1.477106860588923709e+00 1.466355433869426461e+00 1.454271411996480579e+00 1.521473086917602302e+00 1.588230285426878163e+00 1.612561971339898204e+00 1.630160749098599871e+00 1.643845051052260198e+00 1.657692683648732457e+00 1.672177049906316215e+00 1.690413977738126627e+00 1.707778014019638135e+00 1.728072192953072461e+00 1.749500737478188350e+00 1.774010082263679955e+00 1.797929947811460316e+00 1.818203494945653365e+00 1.842442010102321115e+00 1.873552860819705623e+00
1.451563569109770357e+00 1.472000103145451044e+00 1.461163351965397483e+00 1.448358732393495885e+00 1.513951916387591856e+00 1.579922914806910494e+00 1.603948727791062900e+00 1.621156448727835819e+00 1.634335670296106713e+00 1.647518608928155937e+00 1.661200413169197976e+00 1.678469230963272052e+00 1.694797007531322786e+00 1.713817212227466413e+00 1.734653654989864124e+00 1.757031509652603019e+00 1.780433450546294205e+00 1.804537749592938889e+00 1.826918115733415782e+00 1.849197400034782390e+00
1.447065697135397233e+00 1.467376822684471005e+00 1.456441890932777428e+00 1.442968341648316333e+00 1.507121316340463979e+00 1.572382861312913382e+00 1.596129777588144449e+00 1.612983771487648266e+00 1.625706385508649543e+00 1.638288736734472950e+00 1.651245526558863919e+00 1.667633703127454403e+00 1.682982041584198729e+00 1.700905832376017779e+00 1.720403029607843193e+00 1.742170807894394713e+00 1.763401666177481175e+00 1.786924491114844749e+00 1.813146440218582844e+00 1.833731585577022871e+00
1.443012540706580138e+00 1.463198346434196218e+00 1.452155968296609423e+00 1.438064362647161198e+00 1.500930639161339730e+00 1.565549566141908766e+00 1.589039381292238984e+00 1.605571832771404361e+00 1.617880429361198358e+00 1.629919639331465886e+00 1.642221760367335692e+00 1.657817252625215287e+00 1.672276245281152818e+00 1.689164351728946745e+00 1.707518235724582389e+00 1.727919362910133705e+00 1.748539881400710039e+00 1.769796705262820513e+00 1.795378593795758482e+00 1.819903942952359133e+00
1.439365969634989861e+00 1.459427869695796520e+00 1.448271852257072334e+00 1.433611596552585521e+00 1.495331070849833965e+00 1.559366472580607121e+00 1.582617102733298031e+00 1.598855323193257405e+00 1.610787522155536777e+00 1.622334600115272751e+00 1.634045145955855594e+00 1.648928158076556683e+00 1.662585233402397833e+00 1.678538841544614968e+00 1.695811442749311615e+00 1.715059391676923672e+00 1.734298754867553694e+00 1.754894437226689252e+00 1.778123298357959126e+00 1.802045420152287081e+00
1.436089980297764690e+00 1.456030569216441917e+00 1.444757326294328292e+00 1.429575860020507960e+00 1.490275794063778303e+00 1.553780727370044801e+00 1.576807210645189583e+00 1.592774653306979316e+00 1.604363286368275077e+00 1.615463649459528694e+00 1.626638813244832615e+00 1.640880704170059046e+00 1.653816760814863507e+00 1.668929849707206703e+00 1.685230920904605467e+00 1.703386981024801017e+00 1.721470143264411945e+00 1.740623911976264759e+00 1.763165964378845985e+00 1.784719959139756007e+00
