1.000000000000000056e-01
1.228625355993477608e-01
1.509520265390099925e-01
1.854634873444279963e-01
2.278651431623397450e-01
2.799608926363343353e-01
3.439670513795680673e-01
4.226066409512486133e-01
5.192252346839356658e-01
6.379332888043474092e-01
7.837810140573312490e-01
9.629732274171176609e-01
1.183133324347544368e+00
1.453627601814248438e+00
1.785963729760975616e+00
2.194280323269018229e+00
2.695948443325880906e+00
3.312310615921322920e+00
4.069588809647309624e+00
4.999999999999999112e+00
