1.413054126881083006e+00 1.461766784829195975e+00 1.540417768590816694e+00 1.666191113145781166e+00 1.789885047863123635e+00 1.910994512019624336e+00 2.056683451823647424e+00 2.291220810841626765e+00 2.751644301139566373e+00 2.914933904873213688e+00 2.340664097982569025e+00 1.656473340390309135e+00 1.199807982527473005e+00 1.040798316399145440e+00 7.278444889218489422e-01 3.363051535025133321e-01 1.491767437913807948e-01 7.315535156807968786e-02 3.985900276335591769e-02 2.290363733952065564e-02
1.352350131202584294e+00 1.392068610493103042e+00 1.455160779764204548e+00 1.559070915332661178e+00 1.657909636824782762e+00 1.741778924394289163e+00 1.882266062540136176e+00 2.031372294924725708e+00 2.276979828534423600e+00 2.736812096718662879e+00 2.910049235867738116e+00 2.316623930071085358e+00 1.620552739686416333e+00 1.171692689212617600e+00 1.019836887833723615e+00 7.882596182144462338e-01 3.687487977836195197e-01 1.595190561606705804e-01 7.796198412289646884e-02 4.101164568143769035e-02
1.301829474497344874e+00 1.334219499818588783e+00 1.385551637165746808e+00 1.471636197236409815e+00 1.552742798212800590e+00 1.615113811217178563e+00 1.712725488460913770e+00 1.861797041463531865e+00 2.013949636163306245e+00 2.266865405558680102e+00 2.723592098864682232e+00 2.903038225868011413e+00 2.304019575286618604e+00 1.579534926572085274e+00 1.141492972409728024e+00 9.816764899799752531e-01 8.378063064744083466e-01 4.024623450091327492e-01 1.754580130544155514e-01 8.222840155988513089e-02
1.259216715757448979e+00 1.286282852905839214e+00 1.327889180775707390e+00 1.399893394109613443e+00 1.467352614053988979e+00 1.514889140690354186e+00 1.589578501572410651e+00 1.692393945539622635e+00 1.847521124470463683e+00 2.001068704097941797e+00 2.258906588027656870e+00 2.712891736477473170e+00 2.894157053199705842e+00 2.300046880094740676e+00 1.543782707664191012e+00 1.106727395637938871e+00 9.421004828731072145e-01 8.636250326041066128e-01 4.517317260857446892e-01 1.908594239290119510e-01
1.223051808338439628e+00 1.246071031323274791e+00 1.280105672746119527e+00 1.340117377676379951e+00 1.397756853679022582e+00 1.434016280226954487e+00 1.491993617208928535e+00 1.571770948770335075e+00 1.678451235611967629e+00 1.836943884333443133e+00 1.990689633708956574e+00 2.250618876038632532e+00 2.705472461686048824e+00 2.878417115907317303e+00 2.300443276254651614e+00 1.510797212019443059e+00 1.075842430267058170e+00 9.002954419996787028e-01 8.758776669322614339e-01 5.004002041964822345e-01
1.192163754569125711e+00 1.212149281527334921e+00 1.240085689610296971e+00 1.290417729791760726e+00 1.339912433718539297e+00 1.368939184465916670e+00 1.413467332069756610e+00 1.475955150449038911e+00 1.559573065766304945e+00 1.668112029069641844e+00 1.828445712957071922e+00 1.980002165316830931e+00 2.243656649941894621e+00 2.701741923484901164e+00 2.858801013648740508e+00 2.301016440262463103e+00 1.489062190588564594e+00 1.046305456126211286e+00 8.482662060252038616e-01 8.745895114840879225e-01
1.165619340351350397e+00 1.183316240748503612e+00 1.206391034386010030e+00 1.248632947041312891e+00 1.292027729845956596e+00 1.315648369761858394e+00 1.350605729268490984e+00 1.399025856051600680e+00 1.464935288368653943e+00 1.550529810500739902e+00 1.659788337105177369e+00 1.819820771543749993e+00 1.971594473796761449e+00 2.236459585023496288e+00 2.700448438323303613e+00 2.834620587386649682e+00 2.299638450916492438e+00 1.477464904726404793e+00 1.008670627188902547e+00 8.083910949449849559e-01
1.142698128750426312e+00 1.158653473557507585e+00 1.177816881890878742e+00 1.213316643929352123e+00 1.251817161713875581e+00 1.271905594534690875e+00 1.299578005344508957e+00 1.337645321928152775e+00 1.389083189748246960e+00 1.456758450575819985e+00 1.543250910172051071e+00 1.651165250824342845e+00 1.812995912183793745e+00 1.963066523892158521e+00 2.230112245179484365e+00 2.699013071661060081e+00 2.813824620918309538e+00 2.293452906293880211e+00 1.469235542799144145e+00 9.782309528790306130e-01
1.122821939291419158e+00 1.137439146703734805e+00 1.153444589617474536e+00 1.183274304588105119e+00 1.217840616274778132e+00 1.235506666925902275e+00 1.257848807690123083e+00 1.288107130553468149e+00 1.328687934040111207e+00 1.381709841442442466e+00 1.450174386421053008e+00 1.535716010241433338e+00 1.644404135121103616e+00 1.806131646224542031e+00 1.955220805146948182e+00 2.223612782045784719e+00 2.696474224638448547e+00 2.799494567330935269e+00 2.278865581360217440e+00 1.465868636735704778e+00
1.105528568921738675e+00 1.119100600321589312e+00 1.132545068666681143e+00 1.157576932880269194e+00 1.188900524458161412e+00 1.205039043582746938e+00 1.223324405206964949e+00 1.247704220793589558e+00 1.280122689979622974e+00 1.322051704299072261e+00 1.375777241257422734e+00 1.443366306205068339e+00 1.529808961463508865e+00 1.637458437917044263e+00 1.799849802306915603e+00 1.946528334941664440e+00 2.218370393078478831e+00 2.692952790869755475e+00 2.786510784085243220e+00 2.261793030335317312e+00
1.090445942570239968e+00 1.103181178405731266e+00 1.114539482825326555e+00 1.135491449034028877e+00 1.164074323953403267e+00 1.179263745101970517e+00 1.194590124073077853e+00 1.214415112266115537e+00 1.240587612206543344e+00 1.274206851963969545e+00 1.316719504414470387e+00 1.369660460882845099e+00 1.438021348250495102e+00 1.523745054100833940e+00 1.631000021677716294e+00 1.792884323092088117e+00 1.938953991713765923e+00 2.214208171858045748e+00 2.686562921719278574e+00 2.778567954663618167e+00
1.077271768260931628e+00 1.089314789793548011e+00 1.098964642920438051e+00 1.116431631502744493e+00 1.142648951382510436e+00 1.157284436709641096e+00 1.170407570897701088e+00 1.186815778783502084e+00 1.208105770905297138e+00 1.235317831380277065e+00 1.269457753137079870e+00 1.311253771237797183e+00 1.364853031426964236e+00 1.432534534505623958e+00 1.518108906247078060e+00 1.623828423577310609e+00 1.786797446658292543e+00 1.932442483426085378e+00 2.208740732493998493e+00 2.679757377180635558e+00
1.065757543547516173e+00 1.077206062462937597e+00 1.085447849877096749e+00 1.099926732300788856e+00 1.124058834445294419e+00 1.138392502801612638e+00 1.149897047734584898e+00 1.163679409485074201e+00 1.181244657146955923e+00 1.203435333410984853e+00 1.231093985226410892e+00 1.264627840770093270e+00 1.306949809300308241e+00 1.359924068274015019e+00 1.427430845865568454e+00 1.511850882522971506e+00 1.617600674636175517e+00 1.781620838146634522e+00 1.924099520898229887e+00 2.203598556721321877e+00
1.055696379367174531e+00 1.066614373114488368e+00 1.073687261553971650e+00 1.085596310142251886e+00 1.107855451522706591e+00 1.122038495318552265e+00 1.132352588515010083e+00 1.144135266974313891e+00 1.158790216530983574e+00 1.177120366418968223e+00 1.199697660727122583e+00 1.226841350136712139e+00 1.260811515549611350e+00 1.302551043263886488e+00 1.355339682102831400e+00 1.421755894800966757e+00 1.506416427371759736e+00 1.612237350916134293e+00 1.775018607588492614e+00 1.916833279009385382e+00
1.046913558372023711e+00 1.057341739122146462e+00 1.063436298706545102e+00 1.073130543455143249e+00 1.093681452926564823e+00 1.107790252338733961e+00 1.117231225403943373e+00 1.127481931680968108e+00 1.139876522707502948e+00 1.155169242962512666e+00 1.173824654597224182e+00 1.195978276788795425e+00 1.223468162917801694e+00 1.256929014227234243e+00 1.298464854405379398e+00 1.350237413457077151e+00 1.416820063610821467e+00 1.501737774612672105e+00 1.605369569441509547e+00 1.769240389359581389e+00
1.039259319399483461e+00 1.049223330774881724e+00 1.054491698651678133e+00 1.062274648684953693e+00 1.081250437333005854e+00 1.095306962952531826e+00 1.104106520263471447e+00 1.113181225311268951e+00 1.123806609649715682e+00 1.136719176251902441e+00 1.152279833067046289e+00 1.170589191674445306e+00 1.193014004521366633e+00 1.220057298666197276e+00 1.253329417763165310e+00 1.293913141740371087e+00 1.345794602711056775e+00 1.412565057411045100e+00 1.495746428324217892e+00 1.599402781033480991e+00
1.032603410203940530e+00 1.042120127480287373e+00 1.046684177468615973e+00 1.052816965053305687e+00 1.070330401453625901e+00 1.084319690655109136e+00 1.092642692552689976e+00 1.100810887318529829e+00 1.110045739054693392e+00 1.121077041776012528e+00 1.134202789684227719e+00 1.149486540075100205e+00 1.167995509899288686e+00 1.190038122450930214e+00 1.216904021765041755e+00 1.249314487034600019e+00 1.289943725711080180e+00 1.341962569070862310e+00 1.407107107964185699e+00 1.490539589368675699e+00
1.026831047638301131e+00 1.035913258568918804e+00 1.039871179185838601e+00 1.044579670965374518e+00 1.060731355136889320e+00 1.074614563535137846e+00 1.082574902963909125e+00 1.090038745377863716e+00 1.098174599237651039e+00 1.107710911831052858e+00 1.118903755161551272e+00 1.131812479354274092e+00 1.147231710281142680e+00 1.165413597021887293e+00 1.187296471452174096e+00 1.213382710310977108e+00 1.245804569340319912e+00 1.286522299061976460e+00 1.337041191791250361e+00 1.402356565205846728e+00
1.021839984678774238e+00 1.030499687918343454e+00 1.033931260996961532e+00 1.037411617245955986e+00 1.052295562765808601e+00 1.066020476644916393e+00 1.073693170039166311e+00 1.080602657816000400e+00 1.087863486750116016e+00 1.096203921830901207e+00 1.105853242416783511e+00 1.116880761295226288e+00 1.129866638139313650e+00 1.145008849633715853e+00 1.163044632507388432e+00 1.184230348689397694e+00 1.210296143040814787e+00 1.242783924012514030e+00 1.282122991767749687e+00 1.332752242197402293e+00
1.017538425211003794e+00 1.025788968322110417e+00 1.028759773497756713e+00 1.031182822898498497e+00 1.044890001128628398e+00 1.058399256692081014e+00 1.065830181154408862e+00 1.072294984187135869e+00 1.078852060181802353e+00 1.086228434735214243e+00 1.094636539399301833e+00 1.104164749337294360e+00 1.115216988648461305e+00 1.127969868932571673e+00 1.142979008866240820e+00 1.160390450376179494e+00 1.181533993158280671e+00 1.207646362200596624e+00 1.238893484060078931e+00 1.278280523716189832e+00
