4.999999999999999584e-02
5.025851876767428728e-02
5.051837417441335659e-02
5.077957313114291743e-02
5.104212258452071882e-02
5.130602951712130017e-02
5.157130094762184258e-02
5.183794393098863085e-02
5.210596555866477131e-02
5.237537295875888121e-02
5.264617329623445113e-02
5.291837377310065066e-02
5.319198162860364759e-02
5.346700413941922470e-02
5.374344861984640953e-02
5.402132242200179818e-02
5.430063293601520430e-02
5.458138759022625880e-02
5.486359385138182831e-02
5.514725922483464104e-02
5.543239125474302975e-02
5.571899752427130620e-02
5.600708565579174542e-02
5.629666331108702099e-02
5.658773819155413221e-02
5.688031803840925410e-02
5.717441063289348951e-02
5.747002379647984938e-02
5.776716539108141951e-02
5.806584331926020748e-02
5.836606552443746043e-02
5.866783999110495446e-02
5.897117474503718593e-02
5.927607785350503394e-02
5.958255742549010969e-02
5.989062161190049360e-02
6.020027860578761048e-02
6.051153664256395809e-02
6.082440400022220278e-02
6.113888899955541995e-02
6.145500000437822963e-02
6.177274542174931299e-02
6.209213370219508754e-02
6.241317333993426364e-02
6.273587287310387894e-02
6.306024088398638761e-02
6.338628599923784579e-02
6.371401689011726988e-02
6.404344227271752121e-02
6.437457090819674599e-02
6.470741160301171635e-02
6.504197320915179603e-02
6.537826462437444641e-02
6.571629479244199545e-02
6.605607270335925318e-02
6.639760739361273700e-02
6.674090794641110436e-02
6.708598349192650134e-02
6.743284320753749339e-02
6.778149631807321718e-02
6.813195209605854563e-02
6.848421986196089051e-02
6.883830898443787927e-02
6.919422888058662791e-02
6.955198901619427665e-02
6.991159890598952487e-02
7.027306811389581742e-02
7.063640625328573841e-02
7.100162298723654286e-02
7.136872802878721500e-02
7.173773114119688654e-02
7.210864213820429580e-02
7.248147088428900930e-02
7.285622729493353156e-02
7.323292133688719119e-02
7.361156302843120669e-02
7.399216243964497342e-02
7.437472969267400202e-02
7.475927496199918920e-02
7.514580847470718472e-02
7.553434051076253486e-02
7.592488140328119972e-02
7.631744153880505588e-02
7.671203135757835578e-02
7.710866135382542230e-02
7.750734207602953674e-02
7.790808412721360321e-02
7.831089816522224245e-02
7.871579490300502358e-02
7.912278510890156935e-02
7.953187960692778558e-02
7.994308927706381129e-02
8.035642505554346782e-02
8.077189793514488736e-02
8.118951896548300129e-02
8.160929925330351331e-02
8.203124996277805225e-02
8.245538231580119837e-02
8.288170759228906392e-02
8.331023713047902568e-02
8.374098232723151125e-02
8.417395463833293734e-02
8.460916557880041045e-02
8.504662672318800964e-02
8.548634970589469306e-02
8.592834622147348111e-02
8.637262802494279079e-02
8.681920693209875528e-02
8.726809481982962524e-02
8.771930362643175216e-02
8.817284535192679296e-02
8.862873205838107948e-02
8.908697587022644526e-02
8.954758897458245381e-02
9.001058362158066706e-02
9.047597212469057903e-02
9.094376686104670149e-02
9.141398027177823071e-02
9.188662486233947768e-02
9.236171320284272679e-02
9.283925792839238522e-02
9.331927173942126952e-02
9.380176740202797459e-02
9.428675774831683787e-02
9.477425567673883333e-02
9.526427415243476915e-02
9.575682620758023400e-02
9.625192494173188951e-02
9.674958352217619129e-02
9.724981518427928961e-02
9.775263323183909503e-02
9.825805103743934232e-02
9.876608204280487580e-02
9.927673975915930760e-02
9.979003776758449407e-02
1.003059897193814137e-01
1.008246093364334878e-01
1.013459104115714271e-01
1.018699068089399806e-01
1.023966124643668069e-01
1.029260413857330247e-01
1.034582076533456518e-01
1.039931254203123184e-01
1.045308089129174667e-01
1.050712724310007007e-01
1.056145303483373571e-01
1.061605971130203524e-01
1.067094872478448336e-01
1.072612153506942168e-01
1.078157960949283622e-01
1.083732442297740406e-01
1.089335745807169381e-01
1.094968020498962025e-01
1.100629416165004454e-01
1.106320083371665625e-01
1.112040173463796633e-01
1.117789838568759714e-01
1.123569231600472645e-01
1.129378506263474524e-01
1.135217817057015688e-01
1.141087319279165263e-01
1.146987169030941334e-01
1.152917523220463175e-01
1.158878539567124305e-01
1.164870376605785240e-01
1.170893193690993594e-01
1.176947151001217912e-01
1.183032409543109537e-01
1.189149131155786271e-01
1.195297478515132961e-01
1.201477615138131089e-01
1.207689705387206408e-01
1.213933914474598641e-01
1.220210408466758517e-01
1.226519354288762020e-01
1.232860919728749755e-01
1.239235273442390872e-01
1.245642584957367821e-01
1.252083024677883294e-01
1.258556763889195906e-01
1.265063974762171140e-01
1.271604830357864202e-01
1.278179504632120100e-01
1.284788172440200493e-01
1.291431009541434971e-01
1.298108192603895650e-01
1.304819899209092582e-01
1.311566307856700808e-01
1.318347597969305729e-01
1.325163949897172899e-01
1.332015544923049188e-01
1.338902565266978928e-01
1.345825194091154198e-01
1.352783615504783432e-01
1.359778014568988613e-01
1.366808577301727723e-01
1.373875490682741618e-01
1.380978942658525610e-01
1.388119122147329909e-01
1.395296219044183106e-01
1.402510424225940355e-01
1.409761929556365423e-01
1.417050927891226331e-01
1.424377613083428751e-01
1.431742179988172159e-01
1.439144824468129025e-01
1.446585743398655366e-01
1.454065134673027948e-01
1.461583197207703966e-01
1.469140130947615419e-01
1.476736136871484029e-01
1.484371416997166127e-01
1.492046174387026691e-01
1.499760613153340305e-01
1.507514938463716536e-01
1.515309356546561126e-01
1.523144074696555772e-01
1.531019301280174549e-01
1.538935245741224755e-01
1.546892118606415512e-01
1.554890131490959115e-01
1.562929497104198484e-01
1.571010429255261798e-01
1.579133142858752115e-01
1.587297853940461689e-01
1.595504779643116267e-01
1.603754138232151571e-01
1.612046149101518111e-01
1.620381032779514008e-01
1.628759010934652807e-01
1.637180306381556816e-01
1.645645143086884588e-01
1.654153746175284490e-01
1.662706341935385190e-01
1.671303157825811958e-01
1.679944422481237654e-01
1.688630365718460369e-01
1.697361218542518535e-01
1.706137213152833787e-01
1.714958582949383803e-01
1.723825562538914002e-01
1.732738387741173669e-01
1.741697295595189543e-01
1.750702524365567447e-01
1.759754313548832216e-01
1.768852903879795657e-01
1.777998537337957263e-01
1.787191457153942953e-01
1.796431907815971840e-01
1.805720135076359090e-01
1.815056385958050689e-01
1.824440908761194857e-01
1.833873953069744822e-01
1.843355769758096008e-01
1.852886610997759309e-01
1.862466730264065451e-01
1.872096382342909870e-01
1.881775823337525910e-01
1.891505310675295204e-01
1.901285103114598030e-01
1.911115460751691142e-01
1.920996645027627514e-01
1.930928918735206890e-01
1.940912546025968244e-01
1.950947792417212501e-01
1.961034924799063550e-01
1.971174211441569235e-01
1.981365922001833146e-01
1.991610327531188329e-01
2.001907700482403185e-01
2.012258314716930396e-01
2.022662445512189988e-01
2.033120369568887087e-01
2.043632365018375752e-01
2.054198711430052504e-01
2.064819689818792880e-01
2.075495582652423787e-01
2.086226673859238046e-01
2.097013248835544186e-01
2.107855594453257042e-01
2.118753999067524985e-01
2.129708752524402948e-01
2.140720146168558213e-01
2.151788472851018374e-01
2.162914026936961776e-01
2.174097104313544859e-01
2.185338002397772816e-01
2.196637020144405761e-01
2.207994458053914588e-01
2.219410618180470696e-01
2.230885804139974560e-01
2.242420321118140936e-01
2.254014475878605428e-01
2.265668576771089349e-01
2.277382933739592885e-01
2.289157858330648776e-01
2.300993663701599579e-01
2.312890664628930171e-01
2.324849177516634113e-01
2.336869520404637468e-01
2.348952012977250647e-01
2.361096976571668560e-01
2.373304734186523768e-01
2.385575610490472398e-01
2.397909931830830010e-01
2.410308026242246604e-01
2.422770223455437688e-01
2.435296854905951713e-01
2.447888253742978582e-01
2.460544754838218384e-01
2.473266694794782339e-01
2.486054411956146737e-01
2.498908246415149081e-01
2.511828540023036127e-01
2.524815636398552998e-01
2.537869880937083655e-01
2.550991620819834105e-01
2.564181205023069454e-01
2.577438984327392602e-01
2.590765311327072329e-01
2.604160540439423022e-01
2.617625027914231017e-01
2.631159131843226473e-01
2.644763212169607414e-01
2.658437630697614851e-01
2.672182751102153420e-01
2.685998938938461422e-01
2.699886561651836936e-01
2.713845988587408886e-01
2.727877590999958080e-01
2.741981742063789862e-01
2.756158816882663953e-01
2.770409192499767026e-01
2.784733247907738019e-01
2.799131364058752292e-01
2.813603923874650192e-01
2.828151312257122796e-01
2.842773916097945386e-01
2.857472124289269777e-01
2.872246327733967153e-01
2.887096919356023639e-01
2.902024294110986391e-01
2.917028848996474077e-01
2.932110983062732879e-01
2.947271097423245223e-01
2.962509595265402917e-01
2.977826881861227459e-01
2.993223364578150858e-01
3.008699452889843085e-01
3.024255558387110576e-01
3.039892094788838039e-01
3.055609477952990205e-01
3.071408125887675200e-01
3.087288458762260102e-01
3.103250898918546441e-01
3.119295870881996779e-01
3.135423801373034558e-01
3.151635119318386136e-01
3.167930255862490552e-01
3.184309644378963133e-01
3.200773720482126827e-01
3.217322922038592936e-01
3.233957689178905692e-01
3.250678464309251781e-01
3.267485692123223151e-01
3.284379819613644780e-01
3.301361296084460717e-01
3.318430573162687303e-01
3.335588104810421894e-01
3.352834347336913212e-01
3.370169759410704402e-01
3.387594802071823841e-01
3.405109938744053100e-01
3.422715635247244315e-01
3.440412359809716936e-01
3.458200583080704438e-01
3.476080778142875416e-01
3.494053420524910192e-01
3.512118988214154580e-01
3.530277961669326947e-01
3.548530823833295766e-01
3.566878060145927121e-01
3.585320158556994374e-01
3.603857609539153906e-01
3.622490906100986896e-01
3.641220543800117171e-01
3.660047020756387881e-01
3.678970837665105353e-01
3.697992497810361212e-01
3.717112507078415007e-01
3.736331373971147340e-01
3.755649609619582940e-01
3.775067727797487560e-01
3.794586244935032049e-01
3.814205680132519705e-01
3.833926555174201889e-01
3.853749394542148599e-01
3.873674725430200638e-01
3.893703077757985076e-01
3.913834984185016186e-01
3.934070980124856343e-01
3.954411603759357963e-01
3.974857396052973169e-01
3.995408900767145610e-01
4.016066664474770009e-01
4.036831236574725534e-01
4.057703169306492441e-01
4.078683017764835328e-01
4.099771339914568546e-01
4.120968696605389336e-01
4.142275651586803664e-01
4.163692771523113123e-01
4.185220626008482325e-01
4.206859787582096222e-01
4.228610831743380705e-01
4.250474336967310363e-01
4.272450884719788955e-01
4.294541059473122591e-01
4.316745448721554523e-01
4.339064642996896537e-01
4.361499235884228609e-01
4.384049824037691279e-01
4.406717007196349623e-01
4.429501388200143830e-01
4.452403573005924153e-01
4.475424170703565796e-01
4.498563793532166510e-01
4.521823056896328019e-01
4.545202579382527919e-01
4.568702982775567634e-01
4.592324892075106968e-01
4.616068935512290805e-01
4.639935744566454079e-01
4.663925953981918893e-01
4.688040201784868799e-01
4.712279129300327440e-01
4.736643381169206579e-01
4.761133605365455712e-01
4.785750453213289402e-01
4.810494579404516191e-01
4.835366642015946903e-01
4.860367302526892863e-01
4.885497225836765156e-01
4.910757080282754372e-01
4.936147537657604722e-01
4.961669273227478638e-01
4.987322965749920733e-01
5.013109297491908922e-01
5.039028954247991576e-01
5.065082625358534596e-01
5.091271003728058409e-01
5.117594785843651017e-01
5.144054671793502065e-01
5.170651365285527934e-01
5.197385573666067904e-01
5.224258007938711312e-01
5.251269382783209094e-01
5.278420416574464147e-01
5.305711831401657141e-01
5.333144353087434508e-01
5.360718711207218545e-01
5.388435639108614117e-01
5.416295873930906390e-01
5.444300156624664044e-01
5.472449231971455719e-01
5.500743848603643071e-01
5.529184759024300400e-01
5.557772719627228630e-01
5.586508490717063680e-01
5.615392836529506937e-01
5.644426525251640125e-01
5.673610329042360068e-01
5.702945024052923362e-01
5.732431390447572106e-01
5.762070212424288407e-01
5.791862278235662131e-01
5.821808380209836375e-01
5.851909314771588377e-01
5.882165882463517015e-01
5.912578887967319119e-01
5.943149140125206786e-01
5.973877451961401297e-01
6.004764640703764700e-01
6.035811527805542420e-01
6.067018938967194686e-01
6.098387704158360068e-01
6.129918657639941149e-01
6.161612637986276786e-01
6.193470488107444272e-01
6.225493055271698051e-01
6.257681191127971720e-01
6.290035751728548785e-01
6.322557597551832220e-01
6.355247593525205074e-01
6.388106609048068707e-01
6.421135518014930987e-01
6.454335198838665466e-01
6.487706534473877129e-01
6.521250412440370292e-01
6.554967724846758603e-01
6.588859368414201612e-01
6.622926244500232373e-01
6.657169259122750482e-01
6.691589322984102806e-01
6.726187351495306332e-01
6.760964264800406465e-01
6.795920987800925239e-01
6.831058450180489405e-01
6.866377586429524005e-01
6.901879335870123588e-01
6.937564642681040006e-01
6.973434455922773445e-01
7.009489729562822236e-01
7.045731422501065877e-01
7.082160498595246878e-01
7.118777926686611357e-01
7.155584680625691751e-01
7.192581739298179455e-01
7.229770086650976202e-01
7.267150711718366463e-01
7.304724608648298645e-01
7.342492776728856141e-01
7.380456220414802759e-01
7.418615949354313566e-01
7.456972978415832287e-01
7.495528327715044181e-01
7.534283022642013217e-01
7.573238093888469136e-01
7.612394577475189994e-01
7.651753514779573440e-01
7.691315952563338998e-01
7.731082943000341379e-01
7.771055543704585844e-01
7.811234817758325732e-01
7.851621833740350942e-01
7.892217665754412970e-01
7.933023393457776518e-01
7.974040102089933191e-01
8.015268882501487280e-01
8.056710831183135912e-01
8.098367050294843494e-01
8.140238647695170471e-01
8.182326736970706449e-01
8.224632437465704271e-01
8.267156874311858417e-01
8.309901178458197757e-01
8.352866486701201465e-01
8.396053941714999302e-01
8.439464692081776187e-01
8.483099892322329971e-01
8.526960702926752456e-01
8.571048290385303581e-01
8.615363827219448822e-01
8.659908492013018710e-01
8.704683469443561528e-01
8.749689950313868092e-01
8.794929131583609783e-01
8.840402216401205271e-01
8.886110414135788282e-01
8.932054940409385191e-01
8.978237017129260256e-01
9.024657872520380764e-01
9.071318741158097554e-01
9.118220864000996517e-01
9.165365488423867779e-01
9.212753868250900258e-01
9.260387263789036094e-01
9.308266941861461641e-01
9.356394175841329375e-01
9.404770245685598606e-01
9.453396437969083799e-01
9.502274045918690515e-01
9.551404369447776821e-01
9.600788715190742284e-01
9.650428396537790166e-01
9.700324733669829502e-01
9.750479053593601453e-01
9.800892690176982169e-01
9.851566984184437770e-01
9.902503283312670268e-01
9.953702942226523298e-01
1.000516732259492780e+00
1.005689779312717524e+00
1.010889572960928628e+00
1.016116251494061151e+00
1.021369953917062423e+00
1.026650819953586868e+00
1.031958990049709923e+00
1.037294605377671042e+00
1.042657807839620254e+00
1.048048740071392704e+00
1.053467545446309828e+00
1.058914368078982315e+00
1.064389352829149926e+00
1.069892645305531076e+00
1.075424391869693519e+00
1.080984739639954118e+00
1.086573836495283496e+00
1.092191831079240227e+00
1.097838872803931443e+00
1.103515111853975661e+00
1.109220699190503590e+00
1.114955786555175132e+00
1.120720526474206613e+00
1.126515072262433304e+00
1.132339578027389937e+00
1.138194198673398327e+00
1.144079089905700508e+00
1.149994408234587429e+00
1.155940310979568952e+00
1.161916956273559176e+00
1.167924503067073294e+00
1.173963111132462434e+00
1.180032941068163810e+00
1.186134154302964205e+00
1.192266913100299419e+00
1.198431380562569926e+00
1.204627720635473631e+00
1.210856098112373713e+00
1.217116678638672012e+00
1.223409628716221498e+00
1.229735115707753179e+00
1.236093307841324540e+00
1.242484374214795739e+00
1.248908484800327123e+00
1.255365810448898278e+00
1.261856522894851285e+00
1.268380794760462393e+00
1.274938799560526137e+00
1.281530711706976744e+00
1.288156706513521765e+00
1.294816960200306122e+00
1.301511649898601242e+00
1.308240953655511740e+00
1.315005050438712519e+00
1.321804120141210293e+00
1.328638343586124426e+00
1.335507902531497759e+00
1.342412979675132290e+00
1.349353758659444180e+00
1.356330424076349850e+00
1.363343161472177378e+00
1.370392157352595897e+00
1.377477599187582058e+00
1.384599675416400499e+00
1.391758575452617386e+00
1.398954489689140157e+00
1.406187609503277480e+00
1.413458127261829622e+00
1.420766236326208576e+00
1.428112131057574619e+00
1.435496006822008175e+00
1.442918059995708102e+00
1.450378487970208852e+00
1.457877489157636042e+00
1.465415262995978685e+00
1.472992009954394499e+00
1.480607931538544308e+00
1.488263230295946871e+00
1.495958109821367676e+00
1.503692774762235285e+00
1.511467430824080749e+00
1.519282284776009462e+00
1.527137544456203200e+00
1.535033418777442593e+00
1.542970117732665791e+00
1.550947852400555993e+00
1.558966834951148961e+00
1.567027278651482280e+00
1.575129397871261938e+00
1.583273408088565759e+00
1.591459525895576599e+00
1.599687969004337518e+00
1.607958956252544480e+00
1.616272707609369697e+00
1.624629444181304949e+00
1.633029388218046662e+00
1.641472763118407396e+00
1.649959793436252431e+00
1.658490704886477873e+00
1.667065724351008527e+00
1.675685079884833062e+00
1.684349000722073830e+00
1.693057717282075769e+00
1.701811461175539275e+00
1.710610465210681053e+00
1.719454963399421388e+00
1.728345190963609834e+00
1.737281384341283985e+00
1.746263781192951114e+00
1.755292620407916226e+00
1.764368142110629201e+00
1.773490587667072793e+00
1.782660199691185721e+00
1.791877222051309282e+00
1.801141899876675279e+00
1.810454479563928354e+00
1.819815208783673866e+00
1.829224336487066838e+00
1.838682112912436217e+00
1.848188789591934000e+00
1.857744619358228100e+00
1.867349856351228965e+00
1.877004756024841958e+00
1.886709575153768581e+00
1.896464571840329461e+00
1.906270005521330857e+00
1.916126136974967809e+00
1.926033228327753255e+00
1.935991543061493125e+00
1.946001346020295397e+00
1.956062903417609133e+00
1.966176482843306594e+00
1.976342353270803098e+00
1.986560785064203749e+00
1.996832049985501456e+00
2.007156421201797158e+00
2.017534173292568678e+00
2.027965582256976429e+00
2.038450925521195334e+00
2.048990481945799580e+00
2.059584531833179355e+00
2.070233356934990443e+00
2.080937240459650450e+00
2.091696467079874111e+00
2.102511322940237459e+00
2.113382095664791738e+00
2.124309074364715055e+00
2.135292549645996019e+00
2.146332813617167545e+00
2.157430159897071764e+00
2.168584883622669768e+00
2.179797281456894442e+00
2.191067651596534827e+00
2.202396293780168435e+00
2.213783509296137986e+00
2.225229600990556555e+00
2.236734873275364244e+00
2.248299632136429693e+00
2.259924185141677810e+00
2.271608841449280991e+00
2.283353911815871218e+00
2.295159708604808557e+00
2.307026545794492733e+00
2.318954738986706232e+00
2.330944605415011139e+00
2.342996463953189945e+00
2.355110635123717877e+00
2.367287441106292967e+00
2.379527205746405638e+00
2.391830254563944713e+00
2.404196914761864257e+00
2.416627515234875734e+00
2.429122386578201009e+00
2.441681861096365758e+00
2.454306272812031953e+00
2.466995957474883649e+00
2.479751252570561171e+00
2.492572497329627712e+00
2.505460032736596343e+00
2.518414201539001862e+00
2.531435348256507734e+00
2.544523819190075198e+00
2.557679962431173237e+00
2.570904127871030731e+00
2.584196667209950338e+00
2.597557933966653021e+00
2.610988283487684747e+00
2.624488072956869811e+00
2.638057661404803689e+00
2.651697409718404508e+00
2.665407680650515143e+00
2.679188838829542174e+00
2.693041250769159678e+00
2.706965284878057432e+00
2.720961311469731747e+00
2.735029702772343363e+00
2.749170832938609088e+00
2.763385078055756061e+00
2.777672816155526192e+00
2.792034427224224569e+00
2.806470293212827372e+00
2.820980798047145299e+00
2.835566327638025186e+00
2.850227269891617787e+00
2.864964014719698859e+00
2.879776954050029758e+00
2.894666481836785099e+00
2.909632994071035927e+00
2.924676888791268414e+00
2.939798566093984711e+00
2.954998428144330447e+00
2.970276879186795949e+00
2.985634325555972080e+00
3.001071175687348269e+00
3.016587840128177600e+00
3.032184731548401846e+00
3.047862264751615591e+00
3.063620856686105842e+00
3.079460926455940939e+00
3.095382895332110085e+00
3.111387186763737045e+00
3.127474226389332035e+00
3.143644442048115994e+00
3.159898263791404815e+00
3.176236123894034424e+00
3.192658456865866246e+00
3.209165699463343735e+00
3.225758290701101316e+00
3.242436671863643483e+00
3.259201286517086071e+00
3.276052580520941948e+00
3.292991002039991510e+00
3.310017001556190053e+00
3.327131031880653733e+00
3.344333548165707271e+00
3.361625007916979602e+00
3.379005871005573702e+00
3.396476599680304798e+00
3.414037658579983425e+00
3.431689514745776659e+00
3.449432637633634169e+00
3.467267499126764907e+00
3.485194573548190622e+00
3.503214337673367318e+00
3.521327270742850235e+00
3.539533854475056529e+00
3.557834573079063478e+00
3.576229913267489735e+00
3.594720364269446744e+00
3.613306417843539453e+00
3.631988568290948294e+00
3.650767312468582659e+00
3.669643149802281901e+00
3.688616582300106028e+00
3.707688114565689919e+00
3.726858253811651256e+00
3.746127509873094397e+00
3.765496395221157755e+00
3.784965424976647341e+00
3.804535116923742688e+00
3.824205991523756953e+00
3.843978571928982735e+00
3.863853383996612045e+00
3.883830956302711357e+00
3.903911820156282353e+00
3.924096509613400841e+00
3.944385561491405845e+00
3.964779515383184627e+00
3.985278913671527867e+00
4.005884301543540360e+00
4.026596227005156514e+00
4.047415240895703370e+00
4.068341896902551547e+00
4.089376751575851010e+00
4.110520364343316579e+00
4.131773297525117350e+00
4.153136116348832729e+00
4.174609388964474199e+00
4.196193686459604777e+00
4.217889582874528642e+00
4.239697655217546490e+00
4.261618483480314801e+00
4.283652650653261951e+00
4.305800742741091369e+00
4.328063348778381503e+00
4.350441060845231078e+00
4.372934474083015388e+00
4.395544186710223400e+00
4.418270800038348156e+00
4.441114918487890861e+00
4.464077149604438688e+00
4.487158104074810971e+00
4.510358395743313764e+00
4.533678641628053008e+00
4.557119461937349847e+00
4.580681480086242097e+00
4.604365322713049657e+00
4.628171619696047401e+00
4.652101004170226872e+00
4.676154112544115726e+00
4.700331584516713512e+00
4.724634063094510061e+00
4.749062194608573151e+00
4.773616628731747191e+00
4.798298018495931849e+00
4.823107020309441495e+00
4.848044293974473895e+00
4.873110502704647296e+00
4.898306313142642310e+00
4.923632395377939730e+00
4.949089422964625840e+00
4.974678072939317630e+00
5.000399025839169731e+00
5.026252965719963939e+00
5.052240580174307993e+00
5.078362560349922283e+00
5.104619600968015369e+00
5.131012400341782076e+00
5.157541660394939775e+00
5.184208086680421879e+00
5.211012388399137052e+00
5.237955278418825245e+00
5.265037473293018522e+00
5.292259693280112032e+00
5.319622662362494481e+00
5.347127108265818940e+00
5.374773762478352701e+00
5.402563360270432824e+00
5.430496640714015832e+00
5.458574346702351754e+00
5.486797224969711451e+00
5.515166026111270270e+00
5.543681504603058308e+00
5.572344418822027912e+00
5.601155531066240201e+00
5.630115607575106651e+00
5.659225418549788778e+00
5.688485738173679529e+00
5.717897344632989487e+00
5.747461020137436094e+00
5.777177550941075879e+00
5.807047727363173095e+00
5.837072343809248665e+00
5.867252198792193951e+00
5.897588094953508886e+00
5.928080839084667986e+00
5.958731242148544105e+00
5.989540119300994725e+00
6.020508289912544164e+00
6.051636577590165267e+00
6.082925810199184546e+00
6.114376819885322334e+00
6.145990443096782663e+00
6.177767520606530560e+00
6.209708897534639505e+00
6.241815423370768556e+00
6.274087951996772716e+00
6.306527341709379897e+00
6.339134455243039312e+00
6.371910159792861350e+00
6.404855327037680013e+00
6.437970833163232598e+00
6.471257558885480599e+00
6.504716389474001659e+00
6.538348214775553835e+00
6.572153929237737557e+00
6.606134431932777495e+00
6.640290626581457190e+00
6.674623421577117632e+00
6.709133730009839702e+00
6.743822469690723409e+00
6.778690563176296813e+00
6.813738937793043959e+00
6.848968525662096241e+00
6.884380263723979709e+00
6.919975093763563123e+00
6.955753962435094806e+00
6.991717821287373624e+00
7.027867626789086053e+00
7.064204340354198308e+00
7.100728928367553650e+00
7.137442362210569158e+00
7.174345618287069293e+00
7.211439678049242907e+00
7.248725528023778786e+00
7.286204159838057137e+00
7.323876570246549811e+00
7.361743761157325316e+00
7.399806739658692400e+00
7.438066518045975073e+00
7.476524113848467934e+00
7.515180549856453673e+00
7.554036854148427516e+00
7.593094060118440680e+00
7.632353206503569965e+00
7.671815337411574731e+00
7.711481502348623174e+00
7.751352756247229081e+00
7.791430159494304064e+00
7.831714777959360774e+00
7.872207683022844904e+00
7.912909951604668812e+00
7.953822666192798430e+00
7.994946914872079091e+00
8.036283791353161732e+00
8.077834395001584511e+00
8.119599830867041845e+00
8.161581209712723606e+00
8.203779648044896788e+00
8.246196268142577779e+00
8.288832198087389358e+00
8.331688571793552711e+00
8.374766529038073060e+00
8.418067215491010558e+00
8.461591782745973234e+00
8.505341388350741383e+00
8.549317195838044725e+00
8.593520374756538516e+00
8.637952100701859592e+00
8.682613555347920453e+00
8.727505926478333009e+00
8.772630408017990433e+00
8.817988200064856841e+00
8.863580508921792500e+00
8.909408547128759182e+00
8.955473533494970440e+00
9.001776693131349205e+00
9.048319257483090183e+00
9.095102464362460282e+00
9.142127557981620356e+00
9.189395788985832425e+00
9.236908414486622476e+00
9.284666698095300319e+00
9.332671909956454570e+00
9.380925326781863305e+00
9.429428231884347866e+00
9.478181915211946418e+00
9.527187673382204736e+00
9.576446809716705033e+00
9.625960634275623207e+00
9.675730463892707078e+00
9.725757622210190689e+00
9.776043439714042549e+00
9.826589253769338228e+00
9.877396408655867432e+00
9.928466255603781931e+00
9.979800152829671589e+00
1.003139946557257645e+01
1.008326556613034519e+01
1.013539983389610732e+01
1.018780365539502064e+01
1.024047842432101696e+01
1.029342554157403100e+01
1.034664641529712803e+01
1.040014246091401340e+01
1.045391510116665401e+01
1.050796576615316091e+01
1.056229589336575181e+01
1.061690692772903510e+01
1.067180032163840941e+01
1.072697753499874196e+01
1.078244003526308603e+01
1.083818929747184967e+01
1.089422680429191281e+01
1.095055404605610860e+01
1.100717252080284148e+01
1.106408373431597880e+01
1.112128920016477984e+01
1.117879043974430076e+01
1.123658898231573744e+01
1.129468636504715384e+01
1.135308413305433639e+01
1.141178383944194330e+01
1.147078704534469118e+01
1.153009531996902659e+01
1.158971024063473720e+01
1.164963339281695909e+01
1.170986637018831367e+01
1.177041077466136088e+01
1.183126821643106297e+01
1.189244031401777946e+01
1.195392869431016614e+01
1.201573499260856792e+01
1.207786085266835663e+01
1.214030792674382653e+01
1.220307787563199220e+01
1.226617236871682870e+01
1.232959308401363963e+01
1.239334170821374670e+01
1.245741993672920955e+01
1.252182947373809974e+01
1.258657203222966814e+01
1.265164933404998315e+01
1.271706310994768785e+01
1.278281509962009999e+01
1.284890705175932979e+01
1.291534072409897682e+01
1.298211788346073092e+01
1.304924030580142613e+01
1.311670977626024204e+01
1.318452808920625863e+01
1.325269704828602002e+01
1.332121846647169328e+01
1.339009416610914016e+01
1.345932597896644722e+01
1.352891574628261395e+01
1.359886531881658023e+01
1.366917655689636391e+01
1.373985133046858742e+01
1.381089151914818913e+01
1.388229901226847396e+01
1.395407570893121374e+01
1.402622351805734802e+01
1.409874435843759599e+01
1.417164015878356054e+01
1.424491285777899208e+01
1.431856440413142195e+01
1.439259675662382776e+01
1.446701188416693817e+01
1.454181176585142232e+01
1.461699839100061205e+01
1.469257375922336806e+01
1.476853988046734578e+01
1.484489877507227362e+01
1.492165247382389914e+01
1.499880301800784110e+01
1.507635245946393887e+01
1.515430286064080256e+01
1.523265629465073623e+01
1.531141484532470365e+01
1.539058060726796917e+01
1.547015568591560886e+01
1.555014219758867355e+01
1.563054226955027026e+01
1.571135804006237358e+01
1.579259165844250390e+01
1.587424528512098121e+01
1.595632109169834578e+01
1.603882126100318573e+01
1.612174798715002666e+01
1.620510347559789821e+01
1.628888994320881878e+01
1.637310961830682743e+01
1.645776474073722895e+01
1.654285756192622259e+01
1.662839034494061607e+01
1.671436536454823951e+01
1.680078490727825979e+01
1.688765127148206702e+01
1.697496676739438826e+01
1.706273371719478149e+01
1.715095445506924321e+01
1.723963132727249103e+01
1.732876669219018595e+01
1.741836292040181178e+01
1.750842239474351203e+01
1.759894751037171545e+01
1.768994067482663368e+01
1.778140430809638417e+01
1.787334084268131562e+01
1.796575272365878462e+01
1.805864240874799620e+01
1.815201236837560117e+01
1.824586508574122234e+01
1.834020305688356700e+01
1.843502879074678447e+01
1.853034480924728555e+01
1.862615364734059398e+01
1.872245785308904331e+01
1.881925998772933539e+01
1.891656262574073466e+01
1.901436835491351474e+01
1.911267977641788463e+01
1.921149950487292202e+01
1.931083016841642319e+01
1.941067440877457528e+01
1.951103488133222541e+01
1.961191425520364717e+01
1.971331521330343151e+01
1.981524045241779319e+01
1.991769268327637121e+01
2.002067463062427066e+01
2.012418903329463049e+01
2.022823864428124807e+01
2.033282623081207063e+01
2.043795457442257302e+01
2.054362647102983175e+01
2.064984473100684426e+01
2.075661217925737390e+01
2.086393165529084825e+01
2.097180601329818117e+01
2.108023812222744553e+01
2.118923086586020332e+01
2.129878714288834729e+01
2.140890986699110243e+01
2.151960196691237215e+01
2.163086638653892280e+01
2.174270608497845103e+01
2.185512403663829062e+01
2.196812323130468059e+01
2.208170667422217903e+01
2.219587738617346062e+01
2.231063840355992767e+01
2.242599277848220751e+01
2.254194357882154875e+01
2.265849388832113220e+01
2.277564680666841923e+01
2.289340544957734025e+01
2.301177294887117242e+01
2.313075245256600709e+01
2.325034712495435940e+01
2.337056014668919346e+01
2.349139471486879316e+01
2.361285404312158320e+01
2.373494136169157542e+01
2.385765991752447590e+01
2.398101297435391643e+01
2.410500381278814075e+01
2.422963573039744034e+01
2.435491204180185321e+01
2.448083607875907575e+01
2.460741119025339785e+01
2.473464074258460244e+01
2.486252811945738728e+01
2.499107672207155417e+01
2.512028996921245394e+01
2.525017129734166588e+01
2.538072416068871107e+01
2.551195203134275857e+01
2.564385839934495692e+01
2.577644677278118479e+01
2.590972067787558686e+01
2.604368365908420557e+01
2.617833927918911741e+01
2.631369111939340399e+01
2.644974277941638263e+01
2.658649787758909255e+01
2.672396005095085414e+01
2.686213295534586010e+01
2.700102026552024270e+01
2.714062567522003278e+01
2.728095289728940642e+01
2.742200566376913429e+01
2.756378772599620675e+01
2.770630285470344489e+01
2.784955484011961957e+01
2.799354749207049764e+01
2.813828464008016539e+01
2.828377013347257929e+01
2.843000784147434601e+01
2.857700165331731412e+01
2.872475547834215348e+01
2.887327324610225432e+01
2.902255890646833336e+01
2.917261642973345914e+01
2.932344980671845391e+01
2.947506304887826190e+01
2.962746018840865503e+01
2.978064527835315545e+01
2.993462239271125824e+01
3.008939562654644106e+01
3.024496909609522177e+01
3.040134693887658557e+01
3.055853331380215820e+01
3.071653240128648577e+01
3.087534840335865027e+01
3.103498554377366503e+01
3.119544806812498550e+01
3.135674024395733639e+01
3.151886636088038429e+01
3.168183073068246358e+01
3.184563768744569501e+01
3.201029158766090887e+01
3.217579681034364825e+01
3.234215775715058072e+01
3.250937885249670956e+01
3.267746454367279085e+01
3.284641930096380946e+01
3.301624761776773909e+01
3.318695401071526874e+01
3.335854301978950787e+01
3.353101920844722628e+01
3.370438716373984533e+01
3.387865149643559448e+01
3.405381684114206564e+01
3.422988785642966292e+01
3.440686922495510203e+01
3.458476565358642318e+01
3.476358187352780504e+01
3.494332264044558656e+01
3.512399273459461568e+01
3.530559696094561417e+01
3.548814014931256366e+01
3.567162715448161947e+01
3.585606285633988932e+01
3.604145216000534901e+01
3.622779999595724831e+01
3.641511132016739793e+01
3.660339111423159864e+01
3.679264438550262639e+01
3.698287616722296178e+01
3.717409151865903283e+01
3.736629552523530151e+01
3.755949329867004849e+01
3.775368997711090913e+01
3.794889072527170981e+01
3.814510073456974482e+01
3.834232522326404080e+01
3.854056943659370660e+01
3.873983864691798118e+01
3.894013815385602584e+01
3.914147328442805929e+01
3.934384939319695462e+01
3.954727186241084524e+01
3.975174610214581605e+01
3.995727755045037810e+01
4.016387167348962350e+01
4.037153396569080854e+01
4.058026994988939151e+01
4.079008517747614349e+01
4.100098522854431593e+01
4.121297571203862020e+01
4.142606226590395835e+01
4.164025055723556079e+01
4.185554628242962849e+01
4.207195516733499119e+01
4.228948296740514223e+01
4.250813546785147423e+01
4.272791848379705471e+01
4.294883786043147467e+01
4.317089947316586773e+01
4.339410922778974111e+01
4.361847306062757923e+01
4.384399693869693948e+01
4.407068685986704537e+01
4.429854885301853784e+01
4.452758897820333317e+01
4.475781332680638513e+01
4.498922802170722690e+01
4.522183921744301927e+01
4.545565310037214601e+01
4.569067588883896036e+01
4.592691383333868060e+01
4.616437321668423976e+01
4.640306035417290786e+01
4.664298159375444897e+01
4.688414331619983955e+01
4.712655193527127295e+01
4.737021389789212122e+01
4.761513568431914223e+01
4.786132380831418232e+01
4.810878481731794665e+01
4.835752529262351374e+01
4.860755184955206687e+01
4.885887113762827738e+01
4.911148984075741453e+01
4.936541467740298827e+01
4.962065240076569239e+01
4.987720979896245410e+01
5.013509369520765802e+01
5.039431094799406452e+01
5.065486845127547610e+01
5.091677313464997212e+01
5.118003196354445095e+01
5.144465193939932846e+01
5.171064009985546051e+01
5.197800351894073145e+01
5.224674930725846167e+01
5.251688461217641901e+01
5.278841661801713059e+01
5.306135254624841480e+01
5.333569965567616578e+01
5.361146524263674706e+01
5.388865664119159504e+01
5.416728122332162343e+01
5.444734639912402230e+01
5.472885961700876578e+01
5.501182836389693875e+01
5.529626016541976696e+01
5.558216258611905403e+01
5.586954322964771791e+01
5.615840973897280008e+01
5.644876979657814786e+01
5.674063112466897252e+01
5.703400148537713932e+01
5.732888868096787149e+01
5.762530055404662477e+01
5.792324498776848429e+01
5.822272990604717080e+01
5.852376327376606469e+01
5.882635309698992643e+01
5.913050742317812336e+01
5.943623434139797723e+01
5.974354198254075499e+01
6.005243851953723322e+01
6.036293216757537294e+01
6.067503118431868359e+01
6.098874387012607201e+01
6.130407856827223867e+01
6.162104366516980036e+01
6.193964759059220881e+01
6.225989881789826796e+01
6.258180586425679337e+01
6.290537729087398588e+01
6.323062170322045006e+01
6.355754775126037259e+01
6.388616412968143266e+01
6.421647957812635354e+01
6.454850288142466752e+01
6.488224286982719491e+01
6.521770841924023898e+01
6.555490845146191248e+01
6.589385193441930255e+01
6.623454788240734104e+01
6.657700535632775996e+01
6.692123346393100292e+01
6.726724136005779542e+01
6.761503824688281838e+01
6.796463337415944750e+01
6.831603603946597048e+01
6.866925558845221644e+01
6.902430141508897066e+01
6.938118296191706236e+01
6.973990972029912427e+01
7.010049123067121002e+01
7.046293708279753787e+01
7.082725691602465190e+01
7.119346041953828319e+01
7.156155733262076524e+01
7.193155744491049575e+01
7.230347059666144105e+01
7.267730667900590902e+01
7.305307563421676775e+01
7.343078745597226487e+01
7.381045218962161414e+01
7.419207993245255750e+01
7.457568083395909753e+01
7.496126509611242739e+01
7.534884297363149130e+01
7.573842477425603192e+01
7.613002085902061822e+01
7.652364164253053502e+01
7.691929759323798521e+01
7.731699923372151773e+01
7.771675714096502929e+01
7.811858194663952304e+01
7.852248433738562028e+01
7.892847505509811867e+01
7.933656489721123251e+01
7.974676471698600722e+01
8.015908542379887081e+01
8.057353798343213214e+01
8.099013341836474922e+01
8.140888280806659338e+01
8.182979728929224450e+01
8.225288805637754308e+01
8.267816636153719401e+01
8.310564351516437398e+01
8.353533088613068003e+01
8.396723990208961652e+01
8.440138204977962744e+01
8.483776887532995659e+01
8.527641198456760208e+01
8.571732304332640240e+01
8.616051377775632147e+01
8.660599597463651378e+01
8.705378148168787789e+01
8.750388220788853744e+01
8.795631012379045899e+01
8.841107726183815885e+01
8.886819571668780782e+01
8.932767764553013023e+01
8.978953526841262089e+01
9.025378086856547100e+01
9.072042679272712462e+01
9.118948545147395635e+01
9.166096931954932359e+01
9.213489093619574533e+01
9.261126290548827455e+01
9.309009789667010182e+01
9.357140864448854245e+01
9.405520794953496022e+01
9.454150867858423624e+01
9.503032376493736422e+01
9.552166620876528214e+01
9.601554907745507705e+01
9.651198550595647419e+01
9.701098869713246131e+01
9.751257192210941582e+01
9.801674852063051446e+01
9.852353190141030836e+01
9.903293554249184183e+01
9.954497299160399848e+01
1.000596578665231959e+02
1.005770038554343984e+02
1.010970247172960939e+02
1.016197342822050587e+02
1.021451464517655552e+02
1.026732751994579758e+02
1.032041345710109255e+02
1.037377386847746124e+02
1.042741017320968382e+02
1.048132379776992451e+02
1.053551617600581949e+02
1.058998874917849236e+02
1.064474296600093766e+02
1.069978028267653087e+02
1.075510216293780701e+02
1.081071007808527185e+02
1.086660550702668644e+02
1.092278993631627060e+02
1.097926486019430428e+02
1.103603178062683554e+02
1.109309220734568697e+02
1.115044765788848196e+02
1.120809965763916409e+02
1.126604973986843419e+02
1.132429944577459651e+02
1.138285032452451162e+02
1.144170393329485336e+02
1.150086183731344249e+02
1.156032560990093572e+02
1.162009683251262686e+02
1.168017709478058208e+02
1.174056799455577362e+02
1.180127113795075076e+02
1.186228813938221549e+02
1.192362062161402463e+02
1.198527021580032255e+02
1.204723856152897667e+02
1.210952730686505987e+02
1.217213810839483870e+02
1.223507263126971054e+02
1.229833254925053723e+02
1.236191954475214203e+02
1.242583530888811794e+02
1.249008154151565435e+02
1.255465995128093653e+02
1.261957225566443554e+02
1.268482018102665734e+02
1.275040546265402526e+02
1.281632984480509663e+02
1.288259508075680912e+02
1.294920293285129276e+02
1.301615517254258236e+02
1.308345358044385875e+02
1.315109994637464865e+02
1.321909606940861295e+02
1.328744375792124686e+02
1.335614482963803198e+02
1.342520111168276742e+02
1.349461444062621638e+02
1.356438666253481244e+02
1.363451963301993430e+02
1.370501521728712078e+02
1.377587529018573207e+02
1.384710173625878724e+02
1.391869644979316547e+02
1.399066133486981585e+02
1.406299830541459244e+02
1.413570928524902399e+02
1.420879620814151565e+02
1.428226101785878086e+02
1.435610566821758596e+02
1.443033212313656293e+02
1.450494235668864178e+02
1.457993835315340050e+02
1.465532210706988678e+02
1.473109562328966433e+02
1.480726091703016607e+02
1.488382001392821223e+02
1.496077495009394625e+02
1.503812777216494680e+02
1.511588053736073505e+02
1.519403531353732717e+02
1.527259417924243508e+02
1.535155922377058175e+02
1.543093254721874530e+02
1.551071626054217347e+02
1.559091248561060752e+02
1.567152335526454863e+02
1.575255101337218662e+02
1.583399761488625757e+02
1.591586532590141871e+02
1.599815632371184506e+02
1.608087279686919544e+02
1.616401694524065249e+02
1.624759098006765328e+02
1.633159712402453181e+02
1.641603761127763335e+02
1.650091468754486357e+02
1.658623061015533722e+02
1.667198764810929958e+02
1.675818808213870454e+02
1.684483420476765900e+02
1.693192832037356368e+02
1.701947274524819420e+02
1.710746980765955243e+02
1.719592184791359557e+02
1.728483121841649961e+02
1.737420028373734624e+02
1.746403142067092915e+02
1.755432701830085023e+02
1.764508947806330639e+02
1.773632121381075422e+02
1.782802465187613450e+02
1.792020223113751456e+02
1.801285640308288976e+02
1.810598963187525214e+02
1.819960439441836968e+02
1.829370318042248300e+02
1.838828849247050812e+02
1.848336284608474784e+02
1.857892876979369987e+02
1.867498880519921158e+02
1.877154550704421752e+02
1.886860144328065871e+02
1.896615919513776589e+02
1.906422135719057565e+02
1.916279053742919416e+02
1.926186935732795007e+02
1.936146045191512428e+02
1.946156646984318002e+02
1.956219007345910370e+02
1.966333393887512386e+02
1.976500075604002689e+02
1.986719322881070582e+02
1.996991407502387119e+02
2.007316602656858322e+02
2.017695182945880674e+02
2.028127424390631006e+02
2.038613604439427149e+02
2.049154001975103938e+02
2.059748897322410812e+02
2.070398572255494400e+02
2.081103310005378830e+02
2.091863395267488386e+02
2.102679114209236673e+02
2.113550754477635962e+02
2.124478605206926431e+02
2.135462957026296351e+02
2.146504102067584938e+02
2.157602333973073883e+02
2.168757947903269780e+02
2.179971240544783200e+02
2.191242510118206326e+02
2.202572056386032102e+02
2.213960180660644710e+02
2.225407185812334205e+02
2.236913376277326222e+02
2.248479058065911147e+02
2.260104538770566762e+02
2.271790127574127780e+02
2.283536135258027286e+02
2.295342874210562059e+02
2.307210658435177493e+02
2.319139803558850872e+02
2.331130626840459570e+02
2.343183447179231678e+02
2.355298585123220789e+02
2.367476362877844451e+02
2.379717104314426308e+02
2.392021134978842269e+02
2.404388782100154458e+02
2.416820374599323031e+02
2.429316243097951258e+02
2.441876719927088004e+02
2.454502139136050118e+02
2.467192836501317572e+02
2.479949149535458162e+02
2.492771417496117294e+02
2.505659981395010618e+02
2.518615184007031473e+02
2.531637369879336745e+02
2.544726885340524802e+02
2.557884078509839867e+02
2.571109299306443745e+02
2.584402899458693241e+02
2.597765232513532396e+02
2.611196653845862556e+02
2.624697520668012203e+02
2.638268192039226960e+02
2.651909028875235208e+02
2.665620393957815395e+02
2.679402651944484433e+02
2.693256169378162781e+02
2.707181314696939580e+02
2.721178458243863361e+02
2.735247972276807218e+02
2.749390230978336831e+02
2.763605610465701830e+02
2.777894488800806130e+02
2.792257246000289115e+02
2.806694264045598857e+02
2.821205926893190394e+02
2.835792620484706958e+02
2.850454732757258398e+02
2.865192653653730872e+02
2.880006775133173846e+02
2.894897491181192208e+02
2.909865197820463436e+02
2.924910293121240557e+02
2.940033177211951738e+02
2.955234252289836263e+02
2.970513922631656101e+02
2.985872594604414303e+02
3.001310676676206413e+02
3.016828579427046861e+02
3.032426715559808486e+02
3.048105499911188190e+02
3.063865349462756740e+02
3.079706683352015375e+02
3.095629922883584300e+02
3.111635491540375256e+02
3.127723814994867553e+02
3.143895321120424455e+02
3.160150440002685173e+02
3.176489603950982996e+02
3.192913247509854955e+02
3.209421807470595240e+02
3.226015722882884802e+02
3.242695435066433447e+02
3.259461387622761777e+02
3.276314026446965499e+02
3.293253799739587180e+02
3.310281158018531187e+02
3.327396554131062203e+02
3.344600443265812260e+02
3.361893282964931586e+02
3.379275533136223544e+02
3.396747656065388696e+02
3.414310116428316633e+02
3.431963381303459073e+02
3.449707920184212639e+02
3.467544204991458514e+02
3.485472710086069128e+02
3.503493912281545590e+02
3.521608290856690360e+02
3.539816327568367456e+02
3.558118506664293932e+02
3.576515314895933102e+02
3.595007241531432101e+02
3.613594778368653806e+02
3.632278419748212173e+02
3.651058662566677526e+02
3.669936006289743204e+02
3.688910952965534307e+02
3.707984007237947708e+02
3.727155676360094390e+02
3.746426470207748025e+02
3.765796901292957273e+02
3.785267484777635900e+02
3.804838738487281944e+02
3.824511182924740638e+02
3.844285341284070228e+02
3.864161739464408356e+02
3.884140906084018638e+02
3.904223372494301429e+02
3.924409672793949539e+02
3.944700343843141468e+02
3.965095925277839228e+02
3.985596959524099248e+02
4.006203991812550953e+02
4.026917570192850917e+02
4.047738245548299574e+02
4.068666571610440883e+02
4.089703104973847303e+02
4.110848405110878616e+02
4.132103034386581157e+02
4.153467558073633654e+02
4.174942544367405048e+02
4.196528564401017434e+02
4.218226192260596008e+02
4.240036005000488899e+02
4.261958582658636487e+02
4.283994508271987911e+02
4.306144367892030687e+02
4.328408750600327153e+02
4.350788248524244182e+02
4.373283456852649920e+02
4.395894973851768555e+02
4.418623400881079419e+02
4.441469342409335468e+02
4.464433406030587435e+02
4.487516202480407514e+02
4.510718345652080643e+02
4.534040452612956642e+02
4.557483143620850115e+02
4.581047042140555163e+02
4.604732774860398195e+02
4.628540971708924872e+02
4.652472265871643913e+02
4.676527293807887986e+02
4.700706695267691657e+02
4.725011113308869994e+02
4.749441194314068753e+02
4.773997588007981108e+02
4.798680947474613845e+02
4.823491929174683719e+02
4.848431192963021772e+02
4.873499402106189677e+02
4.898697223300068231e+02
4.924025326687608413e+02
4.949484385876649526e+02
4.975075077957854432e+02
5.000798083522664683e+02
5.026654086681469948e+02
5.052643775081746753e+02
5.078767839926373426e+02
5.105026975992005305e+02
5.131421881647555665e+02
5.157953258872763627e+02
5.184621813276861531e+02
5.211428254117373626e+02
5.238373294318921580e+02
5.265457650492227231e+02
5.292682042953156270e+02
5.320047195741879023e+02
5.347553836642124452e+02
5.375202697200537614e+02
5.402994512746133751e+02
5.430930022409855837e+02
5.459009969144219667e+02
5.487235099743128330e+02
5.515606164861611660e+02
5.544123919035946528e+02
5.572789120703602066e+02
5.601602532223462276e+02
5.630564919896094125e+02
5.659677053984127042e+02
5.688939708732737017e+02
5.718353662390235286e+02
5.747919697228774112e+02
5.777638599565142385e+02
5.807511159781670358e+02
5.837538172347311729e+02
5.867720435838637059e+02
5.898058752961243272e+02
5.928553930570965349e+02
5.959206779695401792e+02
5.990018115555465101e+02
6.020988757587067539e+02
6.052119529462910350e+02
6.083411259114396898e+02
6.114864778753627661e+02
6.146480924895606677e+02
6.178260538380345679e+02
6.210204464395402510e+02
6.242313552498220588e+02
6.274588656638787825e+02
6.307030635182335345e+02
6.339640350932162391e+02
6.372418671152587422e+02
6.405366467592008348e+02
6.438484616506091243e+02
6.471773998681071589e+02
6.505235499457170363e+02
6.538870008752198828e+02
6.572678421085084892e+02
6.606661635599851934e+02
6.640820556089378215e+02
6.675156091019505311e+02
6.709669153553184060e+02
6.744360661574760343e+02
6.779231537714385922e+02
6.814282709372558884e+02
6.849515108744769805e+02
6.884929672846367339e+02
6.920527343537321485e+02
6.956309067547472296e+02
6.992275796501550076e+02
7.028428486944558244e+02
7.064768100367194847e+02
7.101295603231426412e+02
7.138011966996191404e+02
7.174918168143236699e+02
7.212015188203082516e+02
7.249304013781134017e+02
7.286785636583898622e+02
7.324461053445442076e+02
7.362331266353729688e+02
7.400397282477482577e+02
7.438660114192808805e+02
7.477120779110190369e+02
7.515780300101538387e+02
7.554639705327398360e+02
7.593700028264289585e+02
7.632962307732192357e+02
7.672427587922161365e+02
7.712096918424175556e+02
7.751971354254874313e+02
7.792051955885842744e+02
7.832339789271636619e+02
7.872835925878213175e+02
7.913541442711411946e+02
7.954457422345597024e+02
7.995584952952445974e+02
8.036925128329893369e+02
8.078479047931222112e+02
8.120247816894298012e+02
8.162232546070948729e+02
8.204434352056591706e+02
8.246854357219741587e+02
8.289493689732097437e+02
8.332353483598365074e+02
8.375434878686495495e+02
8.418739020757981280e+02
8.462267061498339444e+02
8.506020158547725032e+02
8.549999475531734561e+02
8.594206182092324298e+02
8.638641453919008200e+02
8.683306472779934211e+02
8.728202426553560827e+02
8.773330509260049439e+02
8.818691921093112569e+02
8.864287868451917802e+02
8.910119563973165668e+02
8.956188226563344870e+02
9.002495081431148947e+02
9.049041360120058926e+02
9.095828300541097633e+02
9.142857147005736351e+02
9.190129150259076596e+02
9.237645567512909111e+02
9.285407662479416331e+02
9.333416705404569029e+02
9.381673973102006130e+02
9.430180748986972503e+02
9.478938323110452302e+02
9.527947992193476239e+02
9.577211059661608488e+02
9.626728835679615486e+02
9.676502637186305265e+02
9.726533787929535038e+02
9.776823618501493911e+02
9.827373466373971951e+02
9.878184675934013512e+02
9.929258598519645602e+02
9.980596592455818836e+02
1.003220002309053825e+03
1.008407026283116579e+03
1.013620869118092855e+03
1.018861669477559985e+03
1.024129566742036104e+03
1.029424701012697369e+03
1.034747213115080967e+03
1.040097244602859519e+03
1.045474937761582623e+03
1.050880435612472411e+03
1.056313881916223636e+03
1.061775421176828331e+03
1.067265198645417968e+03
1.072783360324127443e+03
1.078330052969977260e+03
1.083905424098776393e+03
1.089509621989044035e+03
1.095142795685964302e+03
1.100805095005324347e+03
1.106496670537531600e+03
1.112217673651593032e+03
1.117968256499152631e+03
1.123748572018535469e+03
1.129558773938814966e+03
1.135399016783901970e+03
1.141269455876653637e+03
1.147170247343002302e+03
1.153101548116119147e+03
1.159063515940562866e+03
1.165056309376506533e+03
1.171080087803930155e+03
1.177135011426869823e+03
1.183221241277676654e+03
1.189338939221299597e+03
1.195488267959590530e+03
1.201669391035630269e+03
1.207882472838079366e+03
1.214127678605548908e+03
1.220405174430993611e+03
1.226715127266140826e+03
1.233057704925903408e+03
1.239433076092878309e+03
1.245841410321804005e+03
1.252282878044084100e+03
1.258757650572315697e+03
1.265265900104846423e+03
1.271807799730354873e+03
1.278383523432451739e+03
1.284993246094306642e+03
1.291637143503311108e+03
1.298315392355724953e+03
1.305028170261412470e+03
1.311775655748539521e+03
1.318558028268321777e+03
1.325375468199821398e+03
1.332228156854716644e+03
1.339116276482138119e+03
1.346040010273513190e+03
1.352999542367437243e+03
1.359995057854571542e+03
1.367026742782562678e+03
1.374094784161004554e+03
1.381199369966381255e+03
1.388340689147105650e+03
1.395518931628516384e+03
1.402734288317928531e+03
1.409986951109737220e+03
1.417277112890491708e+03
1.424604967544040392e+03
1.431970709956683777e+03
1.439374536022354505e+03
1.446816642647842627e+03
1.454297227757999281e+03
1.461816490301042222e+03
1.469374630253816804e+03
1.476971848627115605e+03
1.484608347471049910e+03
1.492284329880393443e+03
1.500000000000000455e+03
