1.000000000000000021e-02
1.006586057237603138e-02
1.013215490625143760e-02
1.019888585840427082e-02
1.026605630442750834e-02
1.033366913885292414e-02
1.040172727527586757e-02
1.047023364648077236e-02
1.053919120456757973e-02
1.060860292107890408e-02
1.067847178712813885e-02
1.074880081352829614e-02
1.081959303092179352e-02
1.089085148991101627e-02
1.096257926118980597e-02
1.103477943567576953e-02
1.110745512464345573e-02
1.118060945985847182e-02
1.125424559371238607e-02
1.132836669935862600e-02
1.140297597084915897e-02
1.147807662327219105e-02
1.155367189289065524e-02
1.162976503728172656e-02
1.170635933547713864e-02
1.178345808810454809e-02
1.186106461752970201e-02
1.193918226799966197e-02
1.201781440578689013e-02
1.209696441933429470e-02
1.217663571940128496e-02
1.225683173921070408e-02
1.233755593459682359e-02
1.241881178415420867e-02
1.250060278938767457e-02
1.258293247486312431e-02
1.266580438835947404e-02
1.274922210102149428e-02
1.283318920751374409e-02
1.291770932617541945e-02
1.300278609917633089e-02
1.308842319267382315e-02
1.317462429697075291e-02
1.326139312667451962e-02
1.334873342085715446e-02
1.343664894321643273e-02
1.352514348223803585e-02
1.361422085135885821e-02
1.370388488913127679e-02
1.379413945938862823e-02
1.388498845141164159e-02
1.397643578009610289e-02
1.406848538612150146e-02
1.416114123612088015e-02
1.425440732285176287e-02
1.434828766536818019e-02
1.444278630919389010e-02
1.453790732649671257e-02
1.463365481626399678e-02
1.473003290447923858e-02
1.482704574429992428e-02
1.492469751623644314e-02
1.502299242833229909e-02
1.512193471634537371e-02
1.522152864393053022e-02
1.532177850282327204e-02
1.542268861302475112e-02
1.552426332298786210e-02
1.562650700980469307e-02
1.572942407939507264e-02
1.583301896669650141e-02
1.593729613585522994e-02
1.604226008041860149e-02
1.614791532352876507e-02
1.625426641811749187e-02
1.636131794710247306e-02
1.646907452358471399e-02
1.657754079104740291e-02
1.668672142355594190e-02
1.679662112595942808e-02
1.690724463409333175e-02
1.701859671498363868e-02
1.713068216705220317e-02
1.724350582032359649e-02
1.735707253663320085e-02
1.747138720983669805e-02
1.758645476602101881e-02
1.770228016371655153e-02
1.781886839411088441e-02
1.793622448126381413e-02
1.805435348232392601e-02
1.817326048774643363e-02
1.829295062151261100e-02
1.841342904135053957e-02
1.853470093895743034e-02
1.865677154022326104e-02
1.877964610545605414e-02
1.890332992960852901e-02
1.902782834250622834e-02
1.915314670907727196e-02
1.927929042958346356e-02
1.940626493985308371e-02
1.953407571151504971e-02
1.966272825223476864e-02
1.979222810595142323e-02
1.992258085311693003e-02
2.005379211093633388e-02
2.018586753360996494e-02
2.031881281257699387e-02
2.045263367676077026e-02
2.058733589281565649e-02
2.072292526537551291e-02
2.085940763730384853e-02
2.099678888994562648e-02
2.113507494338068976e-02
2.127427175667882808e-02
2.141438532815664875e-02
2.155542169563597760e-02
2.169738693670411958e-02
2.184028716897567710e-02
2.198412855035624877e-02
2.212891727930772073e-02
2.227465959511542790e-02
2.242136177815699447e-02
2.256903015017295774e-02
2.271767107453918563e-02
2.286729095654114335e-02
2.301789624364986020e-02
2.316949342579974896e-02
2.332208903566834746e-02
2.347568964895773574e-02
2.363030188467798998e-02
2.378593240543232235e-02
2.394258791770426803e-02
2.410027517214661380e-02
2.425900096387235971e-02
2.441877213274750574e-02
2.457959556368576742e-02
2.474147818694535234e-02
2.490442697842748174e-02
2.506844895997712569e-02
2.523355119968548332e-02
2.539974081219460028e-02
2.556702495900399844e-02
2.573541084877922769e-02
2.590490573766253413e-02
2.607551692958550577e-02
2.624725177658384506e-02
2.642011767911420922e-02
2.659412208637307665e-02
2.676927249661775060e-02
2.694557645748947225e-02
2.712304156633870908e-02
2.730167547055251803e-02
2.748148586788405623e-02
2.766248050678432255e-02
2.784466718673608496e-02
2.802805375858993808e-02
2.821264812490264368e-02
2.839845824027762561e-02
2.858549211170777551e-02
2.877375779892055174e-02
2.896326341472517038e-02
2.915401712536234285e-02
2.934602715085604316e-02
2.953930176536783553e-02
2.973384929755339481e-02
2.992967813092134791e-02
3.012679670419465133e-02
3.032521351167410950e-02
3.052493710360454707e-02
3.072597608654312196e-02
3.092833912373033761e-02
3.113203493546322712e-02
3.133707229947124695e-02
3.154346005129449182e-02
3.175120708466437625e-02
3.196032235188697029e-02
3.217081486422874309e-02
3.238269369230490496e-02
3.259596796647021288e-02
3.281064687721246126e-02
3.302673967554856788e-02
3.324425567342316479e-02
3.346320424410986066e-02
3.368359482261517462e-02
3.390543690608514849e-02
3.412874005421456802e-02
3.435351388965892511e-02
3.457976809844903049e-02
3.480751243040845766e-02
3.503675669957370675e-02
3.526751078461709543e-02
3.549978462927239065e-02
3.573358824276336165e-02
3.596893170023514330e-02
3.620582514318832629e-02
3.644427877991605891e-02
3.668430288594375088e-02
3.692590780447214255e-02
3.716910394682285124e-02
3.741390179288706791e-02
3.766031189157710568e-02
3.790834486128102226e-02
3.815801139032021227e-02
3.840932223740999713e-02
3.866228823212314314e-02
3.891692027535661319e-02
3.917322933980135063e-02
3.943122647041504003e-02
3.969092278489812220e-02
3.995232947417275138e-02
4.021545780286522875e-02
4.048031910979133646e-02
4.074692480844486348e-02
4.101528638748960787e-02
4.128541541125430037e-02
4.155732352023104592e-02
4.183102243157690164e-02
4.210652393961875073e-02
4.238383991636158338e-02
4.266298231200015001e-02
4.294396315543385495e-02
4.322679455478506405e-02
4.351148869792101359e-02
4.379805785297884169e-02
4.408651436889441527e-02
4.437687067593441143e-02
4.466913928623182650e-02
4.496333279432541963e-02
4.525946387770224399e-02
4.555754529734404312e-02
4.585758989827707494e-02
4.615961061012566202e-02
4.646362044766941951e-02
4.676963251140406341e-02
4.707765998810586189e-02
4.738771615139994453e-02
4.769981436233235172e-02
4.801396806994571997e-02
4.833019081185888077e-02
4.864849621485006770e-02
4.896889799544439092e-02
4.929140996050473261e-02
4.961604600782680563e-02
4.994282012673793153e-02
5.027174639869994022e-02
5.060283899791605255e-02
5.093611219194156547e-02
5.127158034229869349e-02
5.160925790509544170e-02
5.194915943164862132e-02
5.229129956911083427e-02
5.263569306110167656e-02
5.298235474834302877e-02
5.333129956929861387e-02
5.368254256081777392e-02
5.403609885878343788e-02
5.439198369876416944e-02
5.475021241667100969e-02
5.511080044941813610e-02
5.547376333558815681e-02
5.583911671610161664e-02
5.620687633489106216e-02
5.657705803957954055e-02
5.694967778216343535e-02
5.732475161969981942e-02
5.770229571499857490e-02
5.808232633731865574e-02
5.846485986306938082e-02
5.884991277651603625e-02
5.923750167049014748e-02
5.962764324710460861e-02
6.002035431847341923e-02
6.041565180743611180e-02
6.081355274828705026e-02
6.121407428750925972e-02
6.161723368451368921e-02
6.202304831238266564e-02
6.243153565861870452e-02
6.284271332589783099e-02
6.325659903282847274e-02
6.367321061471482857e-02
6.409256602432530925e-02
6.451468333266639765e-02
6.493958072976117879e-02
6.536727652543333766e-02
6.579778915009611151e-02
6.623113715554639069e-02
6.666733921576439847e-02
6.710641412771811698e-02
6.754838081217356960e-02
6.799325831451000224e-02
6.844106580554053243e-02
6.889182258233837730e-02
6.934554806906846613e-02
6.980226181782434036e-02
7.026198350947072957e-02
7.072473295449163699e-02
7.119053009384411490e-02
7.165939499981754945e-02
7.213134787689835792e-02
7.260640906264108352e-02
7.308459902854445855e-02
7.356593838093376803e-02
7.405044786184862560e-02
7.453814834993691130e-02
7.502906086135453789e-02
7.552320655067107369e-02
7.602060671178111073e-02
7.652128277882226659e-02
7.702525632709840420e-02
7.753254907400972118e-02
7.804318287998847359e-02
7.855717974944080584e-02
7.907456183169533914e-02
7.959535142195726942e-02
8.011957096226941799e-02
8.064724304247922193e-02
8.117839040121187233e-02
8.171303592685075223e-02
8.225120265852331469e-02
8.279291378709412175e-02
8.333819265616386474e-02
8.388706276307576759e-02
8.443954775992783268e-02
8.499567145459203943e-02
8.555545781174053732e-02
8.611893095387800068e-02
8.668611516238143577e-02
8.725703487854638563e-02
8.783171470464001818e-02
8.841017940496165295e-02
8.899245390690949109e-02
8.957856330205515860e-02
9.016853284722479989e-02
9.076238796558735999e-02
9.136015424775026372e-02
9.196185745286220015e-02
9.256752350972305421e-02
9.317717851790136008e-02
9.379084874885862400e-02
9.440856064708198769e-02
9.503034083122344211e-02
9.565621609524686819e-02
9.628621340958269659e-02
9.692035992229028341e-02
9.755868296022762731e-02
9.820121003022887207e-02
9.884796882028988596e-02
9.949898720076112701e-02
1.001542932255489321e-01
1.008139151333240918e-01
1.014778813487390297e-01
1.021462204836525722e-01
1.028189613383627965e-01
1.034961329028481619e-01
1.041777643580168999e-01
1.048638850769643832e-01
1.055545246262387105e-01
1.062497127671151592e-01
1.069494794568783269e-01
1.076538548501131953e-01
1.083628693000046606e-01
1.090765533596454034e-01
1.097949377833525447e-01
1.105180535279928489e-01
1.112459317543166848e-01
1.119786038283011737e-01
1.127161013225012470e-01
1.134584560174107110e-01
1.142056999028315256e-01
1.149578651792521611e-01
1.157149842592353761e-01
1.164770897688150453e-01
1.172442145489018955e-01
1.180163916566988463e-01
1.187936543671253287e-01
1.195760361742512490e-01
1.203635707927406401e-01
1.211562921593039299e-01
1.219542344341608686e-01
1.227574320025123927e-01
1.235659194760221763e-01
1.243797316943083126e-01
1.251989037264447657e-01
1.260234708724723429e-01
1.268534686649198662e-01
1.276889328703355864e-01
1.285298994908280756e-01
1.293764047656181249e-01
1.302284851725998005e-01
1.310861774299128812e-01
1.319495184975249535e-01
1.328185455788239155e-01
1.336932961222212501e-01
1.345738078227660117e-01
1.354601186237690269e-01
1.363522667184376702e-01
1.372502905515223248e-01
1.381542288209723079e-01
1.390641204796042030e-01
1.399800047367798228e-01
1.409019210600962191e-01
1.418299091770863218e-01
1.427640090769307368e-01
1.437042610121810893e-01
1.446507055004948028e-01
1.456033833263807864e-01
1.465623355429570007e-01
1.475276034737197928e-01
1.484992287143242218e-01
1.494772531343766808e-01
1.504617188792393701e-01
1.514526683718462607e-01
1.524501443145310497e-01
1.534541896908674097e-01
1.544648477675214793e-01
1.554821620961160389e-01
1.565061765151074258e-01
1.575369351516744121e-01
1.585744824236199335e-01
1.596188630412852527e-01
1.606701220094763072e-01
1.617283046294033799e-01
1.627934565006332324e-01
1.638656235230537550e-01
1.649448518988521073e-01
1.660311881345059304e-01
1.671246790427871332e-01
1.682253717447789731e-01
1.693333136719072374e-01
1.704485525679834412e-01
1.715711364912628767e-01
1.727011138165149284e-01
1.738385332371083225e-01
1.749834437671089760e-01
1.761358947433921684e-01
1.772959358277685915e-01
1.784636170091246921e-01
1.796389886055765606e-01
1.808221012666380301e-01
1.820130059754038743e-01
1.832117540507460784e-01
1.844183971495260699e-01
1.856329872688198546e-01
1.868555767481595575e-01
1.880862182717883968e-01
1.893249648709308119e-01
1.905718699260779414e-01
1.918269871692881712e-01
1.930903706865021718e-01
1.943620749198734787e-01
1.956421546701151704e-01
1.969306650988606466e-01
1.982276617310410050e-01
1.995332004572778761e-01
2.008473375362916369e-01
2.021701295973259704e-01
2.035016336425876926e-01
2.048419070497035366e-01
2.061910075741926474e-01
2.075489933519554520e-01
2.089159229017783503e-01
2.102918551278562531e-01
2.116768493223301906e-01
2.130709651678425465e-01
2.144742627401093060e-01
2.158868025105085131e-01
2.173086453486858249e-01
2.187398525251783854e-01
2.201804857140540750e-01
2.216306069955702174e-01
2.230902788588477736e-01
2.245595642045651041e-01
2.260385263476675788e-01
2.275272290200969216e-01
2.290257363735365148e-01
2.305341129821768253e-01
2.320524238454976240e-01
2.335807343910687450e-01
2.351191104773696916e-01
2.366676183966280045e-01
2.382263248776755327e-01
2.397952970888237445e-01
2.413746026407589118e-01
2.429643095894546412e-01
2.445644864391056661e-01
2.461752021450786254e-01
2.477965261168846300e-01
2.494285282211697874e-01
2.510712787847256267e-01
2.527248485975200909e-01
2.543893089157479026e-01
2.560647314649014961e-01
2.577511884428608235e-01
2.594487525230058655e-01
2.611574968573470712e-01
2.628774950796788912e-01
2.646088213087514074e-01
2.663515501514656658e-01
2.681057567060875502e-01
2.698715165654848591e-01
2.716489058203840345e-01
2.734380010626492052e-01
2.752388793885837681e-01
2.770516184022507322e-01
2.788762962188186534e-01
2.807129914679267202e-01
2.825617832970731547e-01
2.844227513750270386e-01
2.862959758952596800e-01
2.881815375794012923e-01
2.900795176807198783e-01
2.919899979876215412e-01
2.939130608271754985e-01
2.958487890686625765e-01
2.977972661271445221e-01
2.997585759670596262e-01
3.017328031058412185e-01
3.037200326175585885e-01
3.057203501365846621e-01
3.077338418612844406e-01
3.097605945577304176e-01
3.118006955634417543e-01
3.138542327911472141e-01
3.159212947325735765e-01
3.180019704622601417e-01
3.200963496413953280e-01
3.222045225216814135e-01
3.243265799492239254e-01
3.264626133684454534e-01
3.286127148260276631e-01
3.307769769748762356e-01
3.329554930781141175e-01
3.351483570131011391e-01
3.373556632754782236e-01
3.395775069832399073e-01
3.418139838808342823e-01
3.440651903432868086e-01
3.463312233803544915e-01
3.486121806407068147e-01
3.509081604161323198e-01
3.532192616457748291e-01
3.555455839203979784e-01
3.578872274866747860e-01
3.602442932515093066e-01
3.626168827863838207e-01
3.650050983317359998e-01
3.674090428013659371e-01
3.698288197868689342e-01
3.722645335621004303e-01
3.747162890876702956e-01
3.771841920154641037e-01
3.796683486931968776e-01
3.821688661689967015e-01
3.846858521960155874e-01
3.872194152370749265e-01
3.897696644693376955e-01
3.923367097890139155e-01
3.949206618160974736e-01
3.975216318991305897e-01
4.001397321200036994e-01
4.027750752987854233e-01
4.054277749985833457e-01
4.080979455304378778e-01
4.107857019582498159e-01
4.134911601037358220e-01
4.162144365514222066e-01
4.189556486536668012e-01
4.217149145357168005e-01
4.244923531008001349e-01
4.272880840352470955e-01
4.301022278136489851e-01
4.329349057040505211e-01
4.357862397731739890e-01
4.386563528916797017e-01
4.415453687394627624e-01
4.444534118109796927e-01
4.473806074206148065e-01
4.503270817080808897e-01
4.532929616438530762e-01
4.562783750346421363e-01
4.592834505289010716e-01
4.623083176223682922e-01
4.653531066636494851e-01
4.684179488598329555e-01
4.715029762821444370e-01
4.746083218716388719e-01
4.777341194449285511e-01
4.808805036999487803e-01
4.840476102217642906e-01
4.872355754884098444e-01
4.904445368767733071e-01
4.936746326685137465e-01
4.969260020560209989e-01
5.001987851484155367e-01
5.034931229775827521e-01
5.068091575042527053e-01
5.101470316241174530e-01
5.135068891739874575e-01
5.168888749379906278e-01
5.202931346538127722e-01
5.237198150189750212e-01
5.271690636971568811e-01
5.306410293245602539e-01
5.341358615163122048e-01
5.376537108729153580e-01
5.411947289867343747e-01
5.447590684485301704e-01
5.483468828540358775e-01
5.519583268105741070e-01
5.555935559437198412e-01
5.592527269040089566e-01
5.629359973736847156e-01
5.666435260734949964e-01
5.703754727695325988e-01
5.741319982801174060e-01
5.779132644827300602e-01
5.817194343209836083e-01
5.855506718116477716e-01
5.894071420517165150e-01
5.932890112255215787e-01
5.971964466118935277e-01
6.011296165913729839e-01
6.050886906534624909e-01
6.090738394039325598e-01
6.130852345721738983e-01
6.171230490185951600e-01
6.211874567420762050e-01
6.252786328874608834e-01
6.293967537531079959e-01
6.335419967984878831e-01
6.377145406518284210e-01
6.419145651178128631e-01
6.461422511853301964e-01
6.503977810352709055e-01
6.546813380483792466e-01
6.589931068131568148e-01
6.633332731338145161e-01
6.677020240382801619e-01
6.720995477862600209e-01
6.765260338773475546e-01
6.809816730591927714e-01
6.854666573357196535e-01
6.899811799754008712e-01
6.945254355195882301e-01
6.990996197908918575e-01
7.037039299016212279e-01
7.083385642622799239e-01
7.130037225901133535e-01
7.176996059177155329e-01
7.224264166016951538e-01
7.271843583313905013e-01
7.319736361376510958e-01
7.367944564016705167e-01
7.416470268638802876e-01
7.465315566329043806e-01
7.514482561945660111e-01
7.563973374209604916e-01
7.613790135795859282e-01
7.663934993425313147e-01
7.714410107957277996e-01
7.765217654482633458e-01
7.816359822417505709e-01
7.867838815597649749e-01
7.919656852373414546e-01
7.971816165705317703e-01
8.024319003260307337e-01
8.077167627508570202e-01
8.130364315821057009e-01
8.183911360567625026e-01
8.237811069215797977e-01
8.292065764430209818e-01
8.346677784172721326e-01
8.401649481803117325e-01
8.456983226180551094e-01
8.512681401765630484e-01
8.568746408723134644e-01
8.625180663025495686e-01
8.681986596556854341e-01
8.739166657217880552e-01
8.796723309031274640e-01
8.854659032247916839e-01
8.912976323453757344e-01
8.971677695677430231e-01
9.030765678498493543e-01
9.090242818156466509e-01
9.150111677660560661e-01
9.210374836900089290e-01
9.271034892755697365e-01
9.332094459211207615e-01
9.393556167466291518e-01
9.455422666049869695e-01
9.517696620934208429e-01
9.580380715649818857e-01
9.643477651401122230e-01
9.706990147182802398e-01
9.770920939896997615e-01
9.835272784471259522e-01
9.900048453977232654e-01
9.965250739750165510e-01
1.003088245150923763e+00
1.009694641747854726e+00
1.016344548450907270e+00
1.023038251820130862e+00
1.029776040302875728e+00
1.036558204246223802e+00
1.043385035909496494e+00
1.050256829476855058e+00
1.057173881069974453e+00
1.064136488760800248e+00
1.071144952584401011e+00
1.078199574551891526e+00
1.085300658663449491e+00
1.092448510921416593e+00
1.099643439343479301e+00
1.106885753975950237e+00
1.114175766907123499e+00
1.121513792280725230e+00
1.128900146309447461e+00
1.136335147288580094e+00
1.143819115609723935e+00
1.151352373774592985e+00
1.158935246408923980e+00
1.166568060276448771e+00
1.174251144292989268e+00
1.181984829540625004e+00
1.189769449281957048e+00
1.197605338974480738e+00
1.205492836285025682e+00
1.213432281104319443e+00
1.221424015561629162e+00
1.229468384039501094e+00
1.237565733188608741e+00
1.245716411942685120e+00
1.253920771533562517e+00
1.262179165506302159e+00
1.270491949734436687e+00
1.278859482435301897e+00
1.287282124185472165e+00
1.295760237936302461e+00
1.304294189029561180e+00
1.312884345213183090e+00
1.321531076657111559e+00
1.330234755969245120e+00
1.338995758211509068e+00
1.347814460915997881e+00
1.356691244101259963e+00
1.365626490288667227e+00
1.374620584518894129e+00
1.383673914368524382e+00
1.392786869966733843e+00
1.401959844012116818e+00
1.411193231789603209e+00
1.420487431187487770e+00
1.429842842714584394e+00
1.439259869517479862e+00
1.448738917397908610e+00
1.458280394830234528e+00
1.467884712979061090e+00
1.477552285716945191e+00
1.487283529642226876e+00
1.497078864096996531e+00
1.506938711185145330e+00
1.516863495790570449e+00
1.526853645595479536e+00
1.536909591098812866e+00
1.547031765634812484e+00
1.557220605391673507e+00
1.567476549430358190e+00
1.577800039703508794e+00
1.588191521074488577e+00
1.598651441336561119e+00
1.609180251232180447e+00
1.619778404472416389e+00
1.630446357756506703e+00
1.641184570791532682e+00
1.651993506312236848e+00
1.662873630100957900e+00
1.673825411007705544e+00
1.684849320970356779e+00
1.695945835035004512e+00
1.707115431376421411e+00
1.718358591318660311e+00
1.729675799355813837e+00
1.741067543172868159e+00
1.752534313666737731e+00
1.764076604967412365e+00
1.775694914459242435e+00
1.787389742802393711e+00
1.799161593954395011e+00
1.811010975191875927e+00
1.822938397132418897e+00
1.834944373756557612e+00
1.847029422429936174e+00
1.859194063925596829e+00
1.871438822446424677e+00
1.883764225647729385e+00
1.896170804659994547e+00
1.908659094111757382e+00
1.921229632152649192e+00
1.933882960476587698e+00
1.946619624345111932e+00
1.959440172610890318e+00
1.972345157741366650e+00
1.985335135842558607e+00
1.998410666683044346e+00
2.011572313718055671e+00
2.024820644113780599e+00
2.038156228771796474e+00
2.051579642353662525e+00
2.065091463305707364e+00
2.078692273883924191e+00
2.092382660179087139e+00
2.106163212141997310e+00
2.120034523608898436e+00
2.133997192327081294e+00
2.148051819980631993e+00
2.162199012216364125e+00
2.176439378669910329e+00
2.190773532992003503e+00
2.205202092874917419e+00
2.219725680079073893e+00
2.234344920459852002e+00
2.249060443994548741e+00
2.263872884809525754e+00
2.278782881207541244e+00
2.293791075695244430e+00
2.308898115010876495e+00
2.324104650152134521e+00
2.339411336404213948e+00
2.354818833368072184e+00
2.370327804988820120e+00
2.385938919584358775e+00
2.401652849874168716e+00
2.417470273008289983e+00
2.433391870596529394e+00
2.449418328737796191e+00
2.465550338049697476e+00
2.481788593698287304e+00
2.498133795428014725e+00
2.514586647591894319e+00
2.531147859181847259e+00
2.547818143859258200e+00
2.564598219985719130e+00
2.581488810654000154e+00
2.598490643719201909e+00
2.615604451830110477e+00
2.632830972460795671e+00
2.650170947942356747e+00
2.667625125494938132e+00
2.685194257259918782e+00
2.702879100332312934e+00
2.720680416793425760e+00
2.738598973743653353e+00
2.756635543335570038e+00
2.774790902807192428e+00
2.793065834515461088e+00
2.811461125969973551e+00
2.829977569866907849e+00
2.848615964123184519e+00
2.867377111910852872e+00
2.886261821691690876e+00
2.905270907252061274e+00
2.924405187737966205e+00
2.943665487690354965e+00
2.963052637080640928e+00
2.982567471346484922e+00
3.002210831427789106e+00
3.021983563802921768e+00
3.041886520525226789e+00
3.061920559259699193e+00
3.082086543319977334e+00
3.102385341705532262e+00
3.122817829139102663e+00
3.143384886104423792e+00
3.164087398884124269e+00
3.184926259597953724e+00
3.205902366241214274e+00
3.227016622723446471e+00
3.248269938907399901e+00
3.269663230648229835e+00
3.291197419832968762e+00
3.312873434420240404e+00
3.334692208480266817e+00
3.356654682235107323e+00
3.378761802099176315e+00
3.401014520720031964e+00
3.423413797019413618e+00
3.445960596234583839e+00
3.468655889959913363e+00
3.491500656188735174e+00
3.514495879355526320e+00
3.537642550378282458e+00
3.560941666701254338e+00
3.584394232337918318e+00
3.608001257914226656e+00
3.631763760712197531e+00
3.655682764713700905e+00
3.679759300644624531e+00
3.703994406019276209e+00
3.728389125185081365e+00
3.752944509367607484e+00
3.777661616715850990e+00
3.802541512347841657e+00
3.827585268396526796e+00
3.852793964055992504e+00
3.878168685627961132e+00
3.903710526568583195e+00
3.929420587535601861e+00
3.955299976435727505e+00
3.981349808472423479e+00
4.007571206193947688e+00
4.033965299541706351e+00
4.060533225898997678e+00
4.087276130139957608e+00
4.114195164678948302e+00
4.141291489520198432e+00
4.168566272307777432e+00
4.196020688375938335e+00
4.223655920799749275e+00
4.251473160446077593e+00
4.279473606024913224e+00
4.307658464141005616e+00
4.336028949345883454e+00
4.364586284190179910e+00
4.393331699276318503e+00
4.422266433311528466e+00
4.451391733161249142e+00
4.480708853902847011e+00
4.510219058879681775e+00
4.539923619755596995e+00
4.569823816569654085e+00
4.599920937791343256e+00
4.630216280376091120e+00
4.660711149821129773e+00
4.691406860221786879e+00
4.722304734328091946e+00
4.753406103601780508e+00
4.784712308273679326e+00
4.816224697401433552e+00
4.847944628927677968e+00
4.879873469738530645e+00
4.912012595722489827e+00
4.944363391829745602e+00
4.976927252131845947e+00
5.009705579881773119e+00
5.042699787574419723e+00
5.075911297007434264e+00
5.109341539342521443e+00
5.142991955167095064e+00
5.176863994556362591e+00
5.210959117135797847e+00
5.245278792144064006e+00
5.279824498496316743e+00
5.314597724847907045e+00
5.349599969658596521e+00
5.384832741257048028e+00
5.420297557905886521e+00
5.455995947867100071e+00
5.491929449467878754e+00
5.528099611166958027e+00
5.564507991621274741e+00
5.601156159753192476e+00
5.638045694818086595e+00
5.675178186472380482e+00
5.712555234842084495e+00
5.750178450591723944e+00
5.788049454993759113e+00
5.826169879998425394e+00
5.864541368304094782e+00
5.903165573428037050e+00
5.942044159777681855e+00
5.981178802722349808e+00
6.020571188665417850e+00
6.060223015117032652e+00
6.100135990767239669e+00
6.140311835559589149e+00
6.180752280765323015e+00
6.221459069057889479e+00
6.262433954588109586e+00
6.303678703059742539e+00
6.345195091805547527e+00
6.386984909863944182e+00
6.429049958056015868e+00
6.471392049063182661e+00
6.514013007505289110e+00
6.556914670019210689e+00
6.600098885338036681e+00
6.643567514370714022e+00
6.687322430282247154e+00
6.731365518574393469e+00
6.775698677166952066e+00
6.820323816479525902e+00
6.865242859513847939e+00
6.910457741936658849e+00
6.955970412163091865e+00
7.001782831440672261e+00
7.047896973933814202e+00
7.094314826808872709e+00
7.141038390319812024e+00
7.188069677894380227e+00
7.235410716220878946e+00
7.283063545335477507e+00
7.331030218710149704e+00
7.379312803341188776e+00
7.427913379838163799e+00
7.476834042513735845e+00
7.526076899473799209e+00
7.575644072708335841e+00
7.625537698182902169e+00
7.675759925930635497e+00
7.726312920144922991e+00
7.777198859272630216e+00
7.828419936108013566e+00
7.879978357887230445e+00
7.931876346383341492e+00
7.984116138002212537e+00
8.036699983878774489e+00
8.089630149974043505e+00
8.142908917172812622e+00
8.196538581381910049e+00
8.250521453629113822e+00
8.304859860162789431e+00
8.359556142552101221e+00
8.414612657787907679e+00
8.470031778384349508e+00
8.525815892481123370e+00
8.581967403946261896e+00
8.638488732479896015e+00
8.695382313718408085e+00
8.752650599339400372e+00
8.810296057167390060e+00
8.868321171280133086e+00
8.926728442115631879e+00
8.985520386579946006e+00
9.044699538155601459e+00
9.104268447010834819e+00
9.164229680109343690e+00
9.224585821321085177e+00
9.285339471533497147e+00
9.346493248763593442e+00
9.408049788270821168e+00
9.470011742670603638e+00
9.532381782048606311e+00
9.595162594075862472e+00
9.658356884124565056e+00
9.721967375384608090e+00
9.785996808981002104e+00
9.850447944091962782e+00
9.915323558067772325e+00
9.980626446550560971e+00
1.004635942359468892e+01
1.011252532178801644e+01
1.017912699237402485e+01
1.024616730537464093e+01
1.031364914971389624e+01
1.038157543334246924e+01
1.044994908336296824e+01
1.051877304615603492e+01
1.058805028750737520e+01
1.065778379273550946e+01
1.072797656682047496e+01
1.079863163453321917e+01
1.086975204056604660e+01
1.094134084966377962e+01
1.101340114675579152e+01
1.108593603708900943e+01
1.115894864636169537e+01
1.123244212085810823e+01
1.130641962758414465e+01
1.138088435440378454e+01
1.145583951017643010e+01
1.153128832489523603e+01
1.160723404982632445e+01
1.168367995764872447e+01
1.176062934259563519e+01
1.183808552059621810e+01
1.191605182941850494e+01
1.199453162881330037e+01
1.207352830065891958e+01
1.215304524910687967e+01
1.223308590072867830e+01
1.231365370466340714e+01
1.239475213276634413e+01
1.247638467975863463e+01
1.255855486337787852e+01
1.264126622452967830e+01
1.272452232744021039e+01
1.280832675980989066e+01
1.289268313296793522e+01
1.297759508202794265e+01
1.306306626604461663e+01
1.314910036817140160e+01
1.323570109581916654e+01
1.332287218081602553e+01
1.341061737956817801e+01
1.349894047322159452e+01
1.358784526782523017e+01
1.367733559449483671e+01
1.376741530957808557e+01
1.385808829482082061e+01
1.394935845753428261e+01
1.404122973076344749e+01
1.413370607345659025e+01
1.422679147063584892e+01
1.432048993356890065e+01
1.441480549994189175e+01
1.450974223403345498e+01
1.460530422688965224e+01
1.470149559650055338e+01
1.479832048797747746e+01
1.489578307373170674e+01
1.499388755365422377e+01
1.509263815529677721e+01
1.519203913405400996e+01
1.529209477334679690e+01
1.539280938480689365e+01
1.549418730846277903e+01
1.559623291292644254e+01
1.569895059558196593e+01
1.580234478277478871e+01
1.590641993000248355e+01
1.601118052210683018e+01
1.611663107346704038e+01
1.622277612819422643e+01
1.632962026032733505e+01
1.643716807403019331e+01
1.654542420378986023e+01
1.665439331461642780e+01
1.676408010224407974e+01
1.687448929333320535e+01
1.698562564567441768e+01
1.709749394839333192e+01
1.721009902215704201e+01
1.732344571938178390e+01
1.743753892444214415e+01
1.755238355388146942e+01
1.766798455662369705e+01
1.778434691418669189e+01
1.790147564089695109e+01
1.801937578410543850e+01
1.813805242440543708e+01
1.825751067585123621e+01
1.837775568617854560e+01
1.849879263702640131e+01
1.862062674416042896e+01
1.874326325769751378e+01
1.886670746233217244e+01
1.899096467756422868e+01
1.911604025792796335e+01
1.924193959322298397e+01
1.936866810874649403e+01
1.949623126552681640e+01
1.962463456055912303e+01
1.975388352704203143e+01
1.988398373461607349e+01
2.001494078960382694e+01
2.014676033525139687e+01
2.027944805197165579e+01
2.041300965758894037e+01
2.054745090758556714e+01
2.068277759534978699e+01
2.081899555242535271e+01
2.095611064876303331e+01
2.109412879297335053e+01
2.123305593258124802e+01
2.137289805428245515e+01
2.151366118420143891e+01
2.165535138815099003e+01
2.179797477189376309e+01
2.194153748140530524e+01
2.208604570313885773e+01
2.223150566429204744e+01
2.237792363307519494e+01
2.252530591898131718e+01
2.267365887305825112e+01
2.282298888818212390e+01
2.297330239933287288e+01
2.312460588387164506e+01
2.327690586181985921e+01
2.343020889614010471e+01
2.358452159301908324e+01
2.373985060215219534e+01
2.389620261703014137e+01
2.405358437522726334e+01
2.421200265869200052e+01
2.437146429403919612e+01
2.453197615284391375e+01
2.469354515193806066e+01
2.485617825370808731e+01
2.501988246639507452e+01
2.518466484439685615e+01
2.535053248857193253e+01
2.551749254654538390e+01
2.568555221301704350e+01
2.585471873007144339e+01
2.602499938748982444e+01
2.619640152306439163e+01
2.636893252291458367e+01
2.654259982180496635e+01
2.671741090346616687e+01
2.689337330091698774e+01
2.707049459678905379e+01
2.724878242365373282e+01
2.742824446435093932e+01
2.760888845232012656e+01
2.779072217193370520e+01
2.797375345883235909e+01
2.815799020026288702e+01
2.834344033541765739e+01
2.853011185577730657e+01
2.871801280545470547e+01
2.890715128154165114e+01
2.909753543445793511e+01
2.928917346830249357e+01
2.948207364120682072e+01
2.967624426569103946e+01
2.987169370902200427e+01
3.006843039357377023e+01
3.026646279719070165e+01
3.046579945355285091e+01
3.066644895254325576e+01
3.086841994061873962e+01
3.107172112118205831e+01
3.127636125495700625e+01
3.148234916036610542e+01
3.168969371391051482e+01
3.189840385055244099e+01
3.210848856410036234e+01
3.231995690759648454e+01
3.253281799370678584e+01
3.274708099511382642e+01
3.296275514491207304e+01
3.317984973700559692e+01
3.339837412650858539e+01
3.361833773014865301e+01
3.383975002667251886e+01
3.406262055725436966e+01
3.428695892590720717e+01
3.451277479989661146e+01
3.474007791015723967e+01
3.496887805171228791e+01
3.519918508409570279e+01
3.543100893177651045e+01
3.566435958458721700e+01
3.589924709815380766e+01
3.613568159432910676e+01
3.637367326162915759e+01
3.661323235567216017e+01
3.685436919962027957e+01
3.709709418462473707e+01
3.734141777027347331e+01
3.758735048504173903e+01
3.783490292674603950e+01
3.808408576300074344e+01
3.833490973167769766e+01
3.858738564136887561e+01
3.884152437185239393e+01
3.909733687456121487e+01
3.935483417305492537e+01
3.961402736349504750e+01
3.987492761512304185e+01
4.013754617074152264e+01
4.040189434719892603e+01
4.066798353587725501e+01
4.093582520318240370e+01
4.120543089103907874e+01
4.147681221738760371e+01
4.174998087668463853e+01
4.202494864040731670e+01
4.230172735756041646e+01
4.258032895518679339e+01
4.286076543888162149e+01
4.314304889330962567e+01
4.342719148272567509e+01
4.371320545149921344e+01
4.400110312464197904e+01
4.429089690833850312e+01
4.458259929048160330e+01
4.487622284120983807e+01
4.517178021344953009e+01
4.546928414345973835e+01
4.576874745138140099e+01
4.607018304178964740e+01
4.637360390424973389e+01
4.667902311387705794e+01
4.698645383190049785e+01
4.729590930622934053e+01
4.760740287202465737e+01
4.792094795227349380e+01
4.823655805836736477e+01
4.855424679068474347e+01
4.887402783917694649e+01
4.919591498395797657e+01
4.951992209589858618e+01
4.984606313722387227e+01
5.017435216211480764e+01
5.050480331731415617e+01
5.083743084273592672e+01
5.117224907207887696e+01
5.150927243344441564e+01
5.184851544995842687e+01
5.218999274039660463e+01
5.253371901981495284e+01
5.287970910018361081e+01
5.322797789102528299e+01
5.357854040005744878e+01
5.393141173383946096e+01
5.428660709842332466e+01
5.464414180000881061e+01
5.500403124560331491e+01
5.536629094368588255e+01
5.573093650487473383e+01
5.609798364260106496e+01
5.646744817378541370e+01
5.683934601951935406e+01
5.721369320575183792e+01
5.759050586397964366e+01
5.796980023194233667e+01
5.835159265432232445e+01
5.873589958344905426e+01
5.912273758000776525e+01
5.951212331375342046e+01
5.990407356422922192e+01
6.029860522148876356e+01
6.069573528682512631e+01
6.109548087350262335e+01
6.149785920749440038e+01
6.190288762822501667e+01
6.231058358931742447e+01
6.272096465934518505e+01
6.313404852258931754e+01
6.354985297980064018e+01
6.396839594896700731e+01
6.438969546608448979e+01
6.481376968593596644e+01
6.524063688287243679e+01
6.567031545160071460e+01
6.610282390797641483e+01
6.653818088980160894e+01
6.697640515762783764e+01
6.741751559556486484e+01
6.786153121209433436e+01
6.830847114088858518e+01
6.875835464163556310e+01
6.921120110086893362e+01
6.966703003280244388e+01
7.012586108017229947e+01
7.058771401508259657e+01
7.105260873985749015e+01
7.152056528789921686e+01
7.199160382455104923e+01
7.246574464796645998e+01
7.294300818998350167e+01
7.342341501700560968e+01
7.390698583088806117e+01
7.439374146982893876e+01
7.488370290926867767e+01
7.537689126279286711e+01
7.587332778304221392e+01
7.637303386262874483e+01
7.687603103505750823e+01
7.738234097565414515e+01
7.789198550249952291e+01
7.840498657736962684e+01
7.892136630668169062e+01
7.944114694244726138e+01
7.996435088323121931e+01
8.049100067511587042e+01
8.102111901267414851e+01
8.155472873994635563e+01
8.209185285142484645e+01
8.263251449304522112e+01
8.317673696318357202e+01
8.372454371366015380e+01
8.427595835075052833e+01
8.483100463620235132e+01
8.538970648825993237e+01
8.595208798269365502e+01
8.651817335383917396e+01
8.708798699564052015e+01
8.766155346270144832e+01
8.823889747134400352e+01
8.882004390067335464e+01
8.940501779364961976e+01
8.999384435816752159e+01
9.058654896814245205e+01
9.118315716460358544e+01
9.178369465679493544e+01
9.238818732328346073e+01
9.299666121307291178e+01
9.360914254672819368e+01
9.422565771750399222e+01
9.484623329248228174e+01
9.547089601371763479e+01
9.609967279938932450e+01
9.673259074496104404e+01
9.736967712434899624e+01
9.801095939109698918e+01
9.865646517955914874e+01
9.930622230609122880e+01
9.996025877024929684e+01
1.006186027559959797e+02
1.012812826329145111e+02
1.019483269574328546e+02
1.026197644740525021e+02
1.032956241165878595e+02
1.039759350094135328e+02
1.046607264687189485e+02
1.053500280037711576e+02
1.060438693181869780e+02
1.067422803112135767e+02
1.074452910790156182e+02
1.081529319159728288e+02
1.088652333159861456e+02
1.095822259737903579e+02
1.103039407862775931e+02
1.110304088538293144e+02
1.117616614816552243e+02
1.124977301811429129e+02
1.132386466712164719e+02
1.139844428797017173e+02
1.147351509447038467e+02
1.154908032159908231e+02
1.162514322563879858e+02
1.170170708431820117e+02
1.177877519695317545e+02
1.185635088458918176e+02
1.193443749014420376e+02
1.201303837855287924e+02
1.209215693691156304e+02
1.217179657462413047e+02
1.225196072354907955e+02
1.233265283814725137e+02
1.241387639563076561e+02
1.249563489611293363e+02
1.257793186275893760e+02
1.266077084193772748e+02
1.274415540337491848e+02
1.282808914030646861e+02
1.291257566963358840e+02
1.299761863207866384e+02
1.308322169234211003e+02
1.316938853926011461e+02
1.325612288596390158e+02
1.334342847003957502e+02
1.343130905368913375e+02
1.351976842389265414e+02
1.360881039257156431e+02
1.369843879675274252e+02
1.378865749873394577e+02
1.387947038625029847e+02
1.397088137264180432e+02
1.406289439702177333e+02
1.415551342444691159e+02
1.424874244608799359e+02
1.434258547940180790e+02
1.443704656830435056e+02
1.453212978334515810e+02
1.462783922188256156e+02
1.472417900826032167e+02
1.482115329398545498e+02
1.491876625790694959e+02
1.501702210639593034e+02
1.511592507352702057e+02
1.521547942126057649e+02
1.531568943962658693e+02
1.541655944690933495e+02
1.551809378983357703e+02
1.562029684375193028e+02
1.572317301283324866e+02
1.582672673025248855e+02
1.593096245838185041e+02
1.603588468898284418e+02
1.614149794340010544e+02
1.624780677275597611e+02
1.635481575814687858e+02
1.646252951084050551e+02
1.657095267247461550e+02
1.668008991525716169e+02
1.678994594216742939e+02
1.690052548715879084e+02
1.701183331536280718e+02
1.712387422329436788e+02
1.723665303905848418e+02
1.735017462255840996e+02
1.746444386570504435e+02
1.757946569262746550e+02
1.769524505988557337e+02
1.781178695668341163e+02
1.792909640508414100e+02
1.804717846022651031e+02
1.816603821054281980e+02
1.828568077797795866e+02
1.840611131821024458e+02
1.852733502087369004e+02
1.864935710978143106e+02
1.877218284315093513e+02
1.889581751383065864e+02
1.902026644952807146e+02
1.914553501303914516e+02
1.927162860247953518e+02
1.939855265151731771e+02
1.952631262960688616e+02
1.965491404222479161e+02
1.978436243110707267e+02
1.991466337448784998e+02
2.004582248733980521e+02
2.017784542161627996e+02
2.031073786649453154e+02
2.044450554862123965e+02
2.057915423235897379e+02
2.071468972003473255e+02
2.085111785219009164e+02
2.098844450783264506e+02
2.112667560468946704e+02
2.126581709946224805e+02
2.140587498808372686e+02
2.154685530597620300e+02
2.168876412831169205e+02
2.183160757027369527e+02
2.197539178732038465e+02
2.212012297545040838e+02
2.226580737146956608e+02
2.241245125325953325e+02
2.256006094004847000e+02
2.270864279268346593e+02
2.285820321390438608e+02
2.300874864861990261e+02
2.316028558418535965e+02
2.331282055068206489e+02
2.346636012119880377e+02
2.362091091211520109e+02
2.377647958338674243e+02
2.393307283883165439e+02
2.409069742641989933e+02
2.424936013856410284e+02
2.440906781241196484e+02
2.456982733014102109e+02
2.473164561925538010e+02
2.489452965288393784e+02
2.505848645008101698e+02
2.522352307612897846e+02
2.538964664284239348e+02
2.555686430887464553e+02
2.572518328002657881e+02
2.589461080955663874e+02
2.606515419849386035e+02
2.623682079595206460e+02
2.640961799944697077e+02
2.658355325521458781e+02
2.675863405853227732e+02
2.693486795404187433e+02
2.711226253607450190e+02
2.729082544897798357e+02
2.747056438744642151e+02
2.765148709685137760e+02
2.783360137357611279e+02
2.801691506535114513e+02
2.820143607159258181e+02
2.838717234374272493e+02
2.857413188561234847e+02
2.876232275372578329e+02
2.895175305766826455e+02
2.914243096043505261e+02
2.933436467878334497e+02
2.952756248358650737e+02
2.972203270019040247e+02
2.991778370877173643e+02
3.011482394469990709e+02
3.031316189890007422e+02
3.051280611821899242e+02
3.071376520579343605e+02
3.091604782142113095e+02
3.111966268193351652e+02
3.132461856157160014e+02
3.153092429236416478e+02
3.173858876450830167e+02
3.194762092675206873e+02
3.215802978678087243e+02
3.236982441160519102e+02
3.258301392795121956e+02
3.279760752265429460e+02
3.301361444305497344e+02
3.323104399739713131e+02
3.344990555522925888e+02
3.367020854780845411e+02
3.389196246850639227e+02
3.411517687321863832e+02
3.433986138077664236e+02
3.456602567336175866e+02
3.479367949692301636e+02
3.502283266159660684e+02
3.525349504212884426e+02
3.548567657830190001e+02
3.571938727536162901e+02
3.595463720444931255e+02
3.619143650303510640e+02
3.642979537535513828e+02
3.666972409285143613e+02
3.691123299461403349e+02
3.715433248782710507e+02
3.739903304821690995e+02
3.764534522050344094e+02
3.789327961885504692e+02
3.814284692734536293e+02
3.839405790041395790e+02
3.864692336332997229e+02
3.890145421265816594e+02
3.915766141672868912e+02
3.941555601610990607e+02
3.967514912408408350e+02
3.993645192712569951e+02
4.019947568538449332e+02
4.046423173317011219e+02
4.073073147944044763e+02
4.099898640829344458e+02
4.126900807946222471e+02
4.154080812881271072e+02
4.181439826884532067e+02
4.208979028919982284e+02
4.236699605716333963e+02
4.264602751818108004e+02
4.292689669637217094e+02
4.320961569504719932e+02
4.349419669722965978e+02
4.378065196618114214e+02
4.406899384593003788e+02
4.435923476180295779e+02
4.465138722096042443e+02
4.494546381293609443e+02
4.524147721017876052e+02
4.553944016859866792e+02
4.583936552811750857e+02
4.614126621322105848e+02
4.644515523351686284e+02
4.675104568429421761e+02
4.705895074708872698e+02
4.736888369025065231e+02
4.768085786951605769e+02
4.799488672858265659e+02
4.831098379968943277e+02
4.862916270419915463e+02
4.894943715318567570e+02
4.927182094802506640e+02
4.959632798098963917e+02
4.992297223584743051e+02
5.025176778846393972e+02
5.058272880740955770e+02
5.091586955456936607e+02
5.125120438575804656e+02
5.158874775133879211e+02
5.192851419684543544e+02
5.227051836360949437e+02
5.261477498939146926e+02
5.296129890901526096e+02
5.331010505500779573e+02
5.366120845824265189e+02
5.401462424858775648e+02
5.437036765555652664e+02
5.472845400896549108e+02
5.508889873959412853e+02
5.545171737984967422e+02
5.581692556443670128e+02
5.618453903103117000e+02
5.655457362095795588e+02
5.692704527987376650e+02
5.730197005845469675e+02
5.767936411308716060e+02
5.805924370656445035e+02
5.844162520878776377e+02
5.882652509747146041e+02
5.921395995885276307e+02
5.960394648840684795e+02
5.999650149156658472e+02
6.039164188444605088e+02
6.078938469456977600e+02
6.118974706160695405e+02
6.159274623810922549e+02
6.199839959025450753e+02
6.240672459859578112e+02
6.281773885881340220e+02
6.323146008247442751e+02
6.364790609779488477e+02
6.406709485040848904e+02
6.448904440414029295e+02
6.491377294178435022e+02
6.534129876588765455e+02
6.577164029953918316e+02
6.620481608716306710e+02
6.664084479531803709e+02
6.707974521350216719e+02
6.752153625496232507e+02
6.796623695750834031e+02
6.841386648433491473e+02
6.886444412484655686e+02
6.931798929548858723e+02
6.977452154058416909e+02
7.023406053317689839e+02
7.069662607587775938e+02
7.116223810171884452e+02
7.163091667501263373e+02
7.210268199221646910e+02
7.257755438280182716e+02
7.305555431013214047e+02
7.353670237234357501e+02
7.402101930323249235e+02
7.450852597314923287e+02
7.499924338989791295e+02
7.549319269964078103e+02
7.599039518780994058e+02
7.649087228002501888e+02
7.699464554301553108e+02
7.750173668555072481e+02
7.801216755937548442e+02
7.852596016015094165e+02
7.904313662840352208e+02
7.956371925047778859e+02
8.008773045949810694e+02
8.061519283633417672e+02
8.114612911057459996e+02
8.168056216150686168e+02
8.221851501910223305e+02
8.276001086500868951e+02
8.330507303355037720e+02
8.385372501273196804e+02
8.440599044525214367e+02
8.496189312952124055e+02
8.552145702068729634e+02
8.608470623166884934e+02
8.665166503419296760e+02
8.722235785984169070e+02
8.779680930110539521e+02
8.837504411244149196e+02
8.895708721134164989e+02
8.954296367940590926e+02
9.013269876342336602e+02
9.072631787645882468e+02
9.132384659895006962e+02
9.192531067980893340e+02
9.253073603753069847e+02
9.314014876131133178e+02
9.375357511217229103e+02
9.437104152409108337e+02
9.499257460514087370e+02
9.561820113863751658e+02
9.624794808429353452e+02
9.688184257937843995e+02
9.751991193989058502e+02
9.816218366173283130e+02
9.880868542189721211e+02
9.945944507965805315e+02
1.001144906777730284e+03
1.007738504436904236e+03
1.014375527907661308e+03
1.021056263194886014e+03
1.027780998187101886e+03
1.034550022668881866e+03
1.041363628333343740e+03
1.048222108794704354e+03
1.055125759600948413e+03
1.062074878246550725e+03
1.069069764185301892e+03
1.076110718843218137e+03
1.083198045631519108e+03
1.090332049959706865e+03
1.097513039248735822e+03
1.104741322944242711e+03
1.112017212529900007e+03
1.119341021540823021e+03
1.126713065577086809e+03
1.134133662317334029e+03
1.141603131532447378e+03
1.149121795099348219e+03
1.156689977014850911e+03
1.164308003409631510e+03
1.171976202562287881e+03
1.179694904913473010e+03
1.187464443080140882e+03
1.195285151869886249e+03
1.203157368295359902e+03
1.211081431588795795e+03
1.219057683216636633e+03
1.227086466894245177e+03
1.235168128600697628e+03
1.243303016593723669e+03
1.251491481424695849e+03
1.259733875953732877e+03
1.268030555364910470e+03
1.276381877181574964e+03
1.284788201281733336e+03
1.293249889913570769e+03
1.301767307711064177e+03
1.310340821709693728e+03
1.318970801362240309e+03
1.327657618554738065e+03
1.336401647622480823e+03
1.345203265366151072e+03
1.354062851068061718e+03
1.362980786508509482e+03
1.371957455982209240e+03
1.380993246314862972e+03
1.390088546879837622e+03
1.399243749614926173e+03
1.408459249039246970e+03
1.417735442270252634e+03
1.427072729040821514e+03
1.436471511716508303e+03
1.445932195312861040e+03
1.455455187512883185e+03
1.465040898684610966e+03
1.474689741898778948e+03
1.484402132946629081e+03
1.494178490357837291e+03
1.504019235418530798e+03
1.513924792189451864e+03
1.523895587524236589e+03
1.533932051087803529e+03
1.544034615374863506e+03
1.554203715728561292e+03
1.564439790359246672e+03
1.574743280363338044e+03
1.585114629742340412e+03
1.595554285421987061e+03
1.606062697271481056e+03
1.616640318122888630e+03
1.627287603790661251e+03
1.638005013091273668e+03
1.648793007862971990e+03
1.659652052985715500e+03
1.670582616401186897e+03
1.681585169132951478e+03
1.692660185306763879e+03
1.703808142171008058e+03
1.715029520117242328e+03
1.726324802700911732e+03
1.737694476662195711e+03
1.749139031946961495e+03
1.760658961727888254e+03
1.772254762425725175e+03
1.783926933730677547e+03
1.795675978623931542e+03
1.807502403399335890e+03
1.819406717685231115e+03
1.831389434466387456e+03
1.843451070106122870e+03
1.855592144368564504e+03
1.867813180441024542e+03
1.880114704956556807e+03
1.892497248016661842e+03
1.904961343214104090e+03
1.917507527655935519e+03
1.930136341986614298e+03
1.942848330411314237e+03
1.955644040719386794e+03
1.968524024307944046e+03
1.981488836205631060e+03
1.994539035096555153e+03
2.007675183344336801e+03
2.020897847016355854e+03
2.034207595908152598e+03
2.047605003567977064e+03
2.061090647321476354e+03
2.074665108296621838e+03
2.088328971448723678e+03
2.102082825585631781e+03
2.115927263393119119e+03
2.129862881460433528e+03
2.143890280305980468e+03
2.158010064403214528e+03
2.172222842206700079e+03
2.186529226178304270e+03
2.200929832813604662e+03
2.215425282668461023e+03
2.230016200385750835e+03
2.244703214722276243e+03
2.259486958575866538e+03
2.274368069012667092e+03
2.289347187294563810e+03
2.304424958906829488e+03
2.319602033585953450e+03
2.334879065347613505e+03
2.350256712514871651e+03
2.365735637746558041e+03
2.381316508065796825e+03
2.396999994888765286e+03
2.412786774053639419e+03
2.428677525849685935e+03
2.444672935046614839e+03
2.460773690924048879e+03
2.476980487301264930e+03
2.493294022567059983e+03
2.509714999709857693e+03
2.526244126348020473e+03
2.542882114760309832e+03
2.559629681916595928e+03
2.576487549508769462e+03
2.593456443981803204e+03
2.610537096565100910e+03
2.627730243303967654e+03
2.645036625091345741e+03
2.662456987699756610e+03
2.679992081813406458e+03
2.697642663060549694e+03
2.715409492046069772e+03
2.733293334384218724e+03
2.751294960731629544e+03
2.769415146820534119e+03
2.787654673492188067e+03
2.806014326730476569e+03
2.824494897695854888e+03
2.843097182759400766e+03
2.861821983537125561e+03
2.880670106924529136e+03
2.899642365131389397e+03
2.918739575716726449e+03
2.937962561624051432e+03
2.957312151216839538e+03
2.976789178314221772e+03
2.996394482226874061e+03
3.016128907793255166e+03
3.035993305415974191e+03
3.055988531098426847e+03
3.076115446481696836e+03
3.096374918881703707e+03
3.116767821326540343e+03
3.137295032594113309e+03
3.157957437250029670e+03
3.178755925685676175e+03
3.199691394156608567e+03
3.220764744821193744e+03
3.241976885779436998e+03
3.263328731112169862e+03
3.284821200920393039e+03
3.306455221364943554e+03
3.328231724706428395e+03
3.350151649345355054e+03
3.372215939862590403e+03
3.394425547060086501e+03
3.416781428001803306e+03
3.439284546055006103e+03
3.461935870931724821e+03
3.484736378730596243e+03
3.507687051978877207e+03
3.530788879674806140e+03
3.554042857330240622e+03
3.577449987013515965e+03
3.601011277392645752e+03
3.624727743778812055e+03
3.648600408170070750e+03
3.672630299295417444e+03
3.696818452659128980e+03
3.721165910585380971e+03
3.745673722263109994e+03
3.770342943791316884e+03
3.795174638224523278e+03
3.820169875618573769e+03
3.845329733076760931e+03
3.870655294796265935e+03
3.896147652114829725e+03
3.921807903557807094e+03
3.947637154885519067e+03
3.973636519140896326e+03
3.999807116697384117e+03
4.026150075307321458e+03
4.052666530150479957e+03
4.079357623882973257e+03
4.106224506686515269e+03
4.133268336318005822e+03
4.160490278159372792e+03
4.187891505267817593e+03
4.215473198426388080e+03
4.243236546194810217e+03
4.271182744960734453e+03
4.299312998991313179e+03
4.327628520485036461e+03
4.356130529624039809e+03
4.384820254626618407e+03
4.413698931800186074e+03
4.442767805594574384e+03
4.472028128655605542e+03
4.501481161879098181e+03
4.531128174465230586e+03
4.560970443973179499e+03
4.591009256376198209e+03
4.621245906117052982e+03
4.651681696163784181e+03
4.682317938065834824e+03
4.713155952010587498e+03
4.744197066880284183e+03
4.775442620309230733e+03
4.806893958741472488e+03
4.838552437488837313e+03
4.870419420789287869e+03
4.902496281865735000e+03
4.934784402985244924e+03
4.967285175518542019e+03
4.999999999999999091e+03
